        0 0 
   48.9   68.7
   48.6   69.1
   49.4   69.5
   50.3   69.2
   50.2   68.8
   48.9   68.7
       0 0 
   47.9   80.0
   47.1   80.4
   48.6   80.6
   49.8   80.7
   50.6   80.9
   51.6   80.6
   50.4   80.5
   50.3   80.3
   49.1   80.2
   47.9   80.0
       0 0 
   57.1   80.6
   55.9   80.6
   55.0   80.7
   54.2   80.8
   55.4   81.1
   56.3   81.3
   57.3   81.5
   58.3   81.5
   59.5   81.3
   58.0   81.3
   58.6   81.1
   58.0   80.7
   57.1   80.6
       0 0 
   61.6   80.3
   60.7   80.3
   59.8   80.3
   59.5   80.5
   60.0   80.8
   61.0   80.8
   62.1   80.9
   62.4   80.6
   61.4   80.6
   61.6   80.3
        0 0 
   65.5   81.0
   64.3   81.0
   63.6   80.7
   62.8   80.9
   63.0   81.2
   64.0   81.3
   64.6   81.4
   65.2   81.3
   65.5   81.0
       0 0 
   57.3   70.4
   56.4   70.5
   55.5   70.6
   54.5   70.7
   53.6   70.8
   53.7   71.2
   52.8   71.3
   51.8   71.4
   51.9   72.1
   52.8   72.2
   52.6   72.6
   53.2   73.1
   54.4   73.3
   53.9   73.7
   54.2   73.9
   55.4   74.2
   56.0   75.1
   57.0   75.2
   58.0   75.4
   59.0   75.8
   60.0   76.0
   61.0   76.1
   62.0   76.2
   63.0   76.1
   64.0   76.2
   65.0   76.4
   66.0   76.5
   66.0   76.7
   66.6   76.8
   67.7   76.9
   68.7   76.9
   69.3   76.6
   68.5   76.2
   67.5   76.1
   66.5   75.9
   65.5   75.8
   64.5   75.6
   63.5   75.5
   62.4   75.3
   61.5   75.1
   60.5   74.8
   59.3   74.5
   58.5   74.0
   57.4   73.4
   56.4   73.0
   56.6   72.3
   56.0   71.4
   57.0   70.9
   57.8   70.7
   57.3   70.4
      0 0 
   50.0   68.0
   51.0   68.3
   52.0   68.4
   53.0   68.6
   54.0   68.9
   54.7   68.8
   54.0   68.3
   53.0   68.0
   53.0   67.5
   54.0   67.8
   54.7   68.2
   55.6   68.4
   56.6   68.5
   57.3   68.5
   58.2   68.7
   59.4   68.8
   59.2   68.3
   59.9   68.3
   59.8   68.6
   61.0   68.7
   60.4   69.3
   59.6   69.8
   58.4   70.1
   59.1   70.3
   60.0   70.1
   60.8   69.8
   61.7   69.7
   62.6   69.7
   63.5   69.6
   64.4   69.3
   65.6   69.0
   66.4   68.8
   67.4   68.6
   68.4   68.1
   69.2   68.7
   68.3   69.0
   68.0   69.3
   67.0   69.5
   67.0   70.0
   67.3   70.5
   66.9   71.0
   67.2   71.2
   68.0   71.3
   69.0   72.0
   69.6   72.9
   70.0   73.0
   70.0   73.4
   71.0   73.5
   71.6   73.2
   70.3   73.0
   70.2   72.9
   71.3   72.9
   72.2   72.8
   73.0   72.6
   72.3   71.7
   72.0   71.4
   72.8   70.9
   72.7   69.9
   72.6   68.9
   73.6   68.4
   73.0   67.6
   72.0   67.0
   71.0   66.7
   70.0   66.7
   69.0   66.7
   70.0   66.4
   71.0   66.4
   72.0   66.0
   73.0   66.7
   74.0   67.2
   74.9   68.0
   74.4   68.5
   75.4   68.8
   76.6   68.9
   75.7   69.1
   74.7   69.0
   73.9   69.0
   73.7   70.0
   74.2   70.6
   73.0   71.3
   73.5   71.9
   74.6   72.0
   75.1   72.5
   74.1   73.0
   74.5   73.1
   75.3   72.8
   75.7   72.3
   75.4   71.3
   76.5   71.2
   77.6   71.1
   78.4   71.0
   78.1   71.2
   77.1   71.3
   76.3   71.6
   76.1   71.9
   76.9   72.1
   78.0   71.9
   77.0   72.3
   77.8   72.6
   78.8   72.4
   79.7   72.3
   80.8   72.0
   81.4   71.7
   83.1   71.7
   83.2   71.8
   82.6   71.9
   82.0   72.3
   80.9   72.3
   80.8   73.0
   80.3   73.6
   81.4   73.6
   82.5   73.6
   83.4   73.6
   84.6   73.7
   85.6   73.8
   86.4   73.8
   87.0   73.9
   86.6   74.2
   85.9   74.3
   86.4   74.6
   87.1   74.9
   88.1   75.2
   89.1   75.5
   90.1   75.6
   91.2   75.6
   92.1   75.7
   93.0   75.8
   93.0   76.1
   94.1   76.1
   95.1   76.1
   96.1   76.1
   97.0   76.0
   98.0   76.1
   98.8   76.2
   99.0   76.4
  100.0   76.4
       0 0 
   97.9   78.8
   97.0   78.9
   96.0   79.0
   94.9   79.0
   94.0   79.4
   93.0   79.5
   93.9   79.8
   94.3   80.0
   93.2   79.8
   92.3   79.7
   91.3   79.7
   91.0   80.1
   92.0   80.1
   92.2   80.2
   91.6   80.3
   92.5   80.5
   92.7   80.8
   93.6   81.0
   94.8   81.1
   95.6   81.2
   96.4   81.1
   97.3   80.8
   98.0   80.7
   97.0   80.5
   97.4   80.2
   98.1   80.1
   99.3   80.0
  100.0   79.8
   99.7   79.2
  100.0   78.9
   99.3   78.8
   97.9   78.8
       0 0 
   99.4   77.9
  100.0   78.4
  100.6   78.9
  101.6   79.3
  102.4   79.4
  103.4   79.2
  104.3   79.0
  105.1   78.8
  105.2   78.4
  104.6   78.3
  103.6   78.3
  102.6   78.2
  101.3   78.2
  100.5   78.1
   99.4   77.9
       0 0 
  100.0   76.4
  101.2   77.1
  102.3   77.4
  103.3   77.6
  104.2   77.7
  105.2   77.5
  106.2   77.4
  105.2   77.3
  104.3   77.1
  105.8   77.1
  106.8   77.0
  107.3   76.9
  106.8   76.7
  106.2   76.5
  107.2   76.5
  107.9   76.5
  108.0   76.7
  109.0   76.7
  110.0   76.6
  111.0   76.7
  112.0   76.6
  112.8   76.3
  113.4   76.2
  114.0   75.9
  113.6   75.3
  112.7   74.9
  111.6   74.6
  110.6   74.4
  109.8   74.1
  108.6   73.8
  108.0   73.6
  107.0   73.4
  106.1   73.3
  105.8   72.9
  106.3   73.1
  107.5   73.1
  108.6   73.2
  109.6   73.2
  110.4   73.6
  110.6   73.7
  109.7   73.7
  109.5   73.8
  110.1   74.0
  111.1   73.9
  112.1   73.6
  113.0   73.7
  112.6   74.1
  111.6   74.3
  112.1   74.5
  113.0   74.5
  113.4   74.3
  113.2   74.1
  113.0   74.0
  113.4   73.6
  114.1   73.6
  115.1   73.7
  116.0   73.7
  117.0   73.6
  118.0   73.6
  119.0   73.4
  118.5   73.2
  119.4   73.0
  120.2   73.0
  121.3   72.9
  122.3   72.9
  123.2   72.8
  123.2   73.2
  122.8   73.6
  123.7   73.7
  124.6   73.7
  125.1   73.7
  125.2   73.4
  126.2   73.5
  126.4   73.3
  127.3   73.3
  128.2   73.2
  129.0   73.0
  130.0   72.8
  129.8   72.4
  129.4   72.1
  128.6   72.2
  128.0   72.1
  129.0   71.6
  130.0   71.1
  130.9   70.9
  131.3   70.7
  132.2   71.5
  133.0   71.9
  133.3   71.5
  134.2   71.3
  135.0   71.6
  136.0   71.6
  137.0   71.6
  138.0   71.6
  139.0   71.6
  139.7   71.4
  139.9   71.9
  139.3   72.2
  139.7   72.4
       0 0 
  139.2   74.6
  138.2   74.7
  137.4   75.1
  137.0   75.3
  137.3   75.7
  137.7   76.0
  138.6   76.2
  139.1   76.2
  140.0   76.0
  141.0   75.6
  140.6   75.3
  140.3   75.0
  139.6   74.9
  139.2   74.6
       0 0 
  144.0   75.0
  143.0   75.1
  142.4   75.3
  143.1   75.8
  141.9   76.1
  142.1   76.7
  143.4   75.9
  144.1   75.8
  145.0   75.6
  144.6   75.2
  144.0   75.0
       0 0 
  150.0   74.7
  148.9   74.8
  148.3   74.8
  147.2   75.0
  146.9   75.4
  146.5   75.6
  147.2   75.4
  148.1   75.4
  148.9   75.3
  149.4   75.2
  150.2   75.2
  151.0   75.1
  151.0   74.9
  150.0   74.7
       0 0 
  143.5   73.2
  142.6   73.2
  141.4   73.3
  140.8   73.4
  139.9   73.4
  140.8   73.6
  141.0   73.8
  142.1   73.9
  143.0   73.7
  143.6   73.4
  143.5   73.2
       0 0 
  139.7   72.4
  140.6   72.4
  141.2   72.6
  140.8   72.8
  141.6   72.8
  142.4   72.7
  143.3   72.7
  144.3   72.6
  145.3   72.5
  146.2   72.4
  147.1   72.3
  148.2   72.3
  149.2   72.2
  150.0   72.0
  149.7   71.6
  150.5   71.3
  151.6   71.3
  152.3   71.0
  152.5   70.8
  153.5   70.8
  154.6   70.9
  155.5   71.0
  156.6   71.0
  157.6   71.0
  158.6   70.9
  159.4   70.7
  160.0   70.3
  159.4   69.8
  160.4   69.6
  161.2   69.4
  162.2   69.6
  163.3   69.7
  164.4   69.6
  165.3   69.4
  166.4   69.4
  167.0   69.3
  168.0   69.9
  168.6   70.0
  169.4   69.8
  169.1   69.4
  168.1   69.6
  168.3   69.1
  169.3   68.9
  170.0   68.7
       0 0 
  170.0   68.7
  170.8   69.0
  170.3   70.0
  171.0   70.0
  172.0   69.9
  173.0   69.8
  174.0   69.7
  175.0   69.8
  176.0   69.7
  177.0   69.5
  178.0   69.4
       0 0 
  178.6   70.8
  178.4   71.0
  179.3   71.3
  180.3   71.5
  181.3   71.5
  182.4   71.1
  181.6   70.9
  180.3   70.8
  179.8   70.9
  178.6   70.8
      0 0 
  178.0   69.4
  179.0   69.2
  179.8   68.9
  181.0   68.6
  182.0   68.3
  183.0   68.0
  184.0   67.6
  185.0   67.4
  185.0   66.6
  185.9   66.4
  185.5   67.0
  186.7   67.0
  188.1   66.9
  188.9   66.5
  190.0   66.0
  189.2   65.6
  188.4   65.4
  187.3   65.6
  187.7   64.9
  187.0   64.6
  187.5   64.3
  186.8   64.1
  185.8   64.4
  184.7   64.7
  183.8   64.8
  183.8   65.3
  182.9   65.5
  182.3   65.3
  181.2   65.4
  181.2   66.2
  180.1   66.1
  180.5   65.6
  180.1   65.1
  179.0   64.6
  178.0   64.6
  177.0   64.9
  176.2   64.5
  177.2   64.5
  178.0   64.2
  179.0   63.1
  179.6   62.6
  178.8   62.3
  178.0   62.4
  177.0   62.5
  176.0   62.2
  175.0   62.0
  174.0   61.7
  173.0   61.4
  172.0   61.0
  171.0   60.5
  170.1   59.9
  169.5   60.4
  168.6   60.5
  167.7   60.4
  166.9   60.3
  165.9   59.8
  166.0   60.4
  165.3   60.2
  164.7   59.8
  164.2   60.0
  163.3   59.7
  162.7   58.9
  162.0   58.4
  162.2   57.7
  162.6   57.9
  163.1   57.7
  162.6   57.3
  162.7   56.6
  163.1   56.6
  162.9   55.9
  162.7   56.3
  162.0   56.2
  161.5   55.4
  162.0   54.7
  161.1   54.5
  160.0   54.0
  159.9   53.1
  159.0   53.0
  158.4   52.2
  157.7   51.5
  156.7   50.9
  156.4   52.0
  156.0   53.0
  155.8   54.0
  155.3   55.0
  155.6   56.0
  156.5   56.9
  157.0   57.5
  156.9   57.9
  158.0   58.0
  159.0   58.4
  159.7   58.9
  160.4   59.5
  161.4   59.9
  161.9   60.4
  162.7   60.5
  163.6   60.8
  163.7   61.3
  164.0   62.2
  165.0   62.4
  164.0   62.6
  163.1   62.4
  162.0   61.4
  161.0   60.9
  160.0   60.6
  159.9   61.3
  160.3   61.9
  159.5   61.6
  158.7   61.9
  157.7   61.8
  156.7   61.4
  156.8   60.7
  154.8   60.3
  154.1   59.5
  155.0   59.2
  154.0   59.0
  153.0   59.0
  152.0   58.8
  151.0   58.8
  152.0   59.2
  151.0   59.5
  150.0   59.6
  149.0   59.7
  148.7   59.2
  147.6   59.2
  146.4   59.4
  146.0   59.1
  145.6   59.4
  144.6   59.4
  143.8   59.3
  143.0   59.3
  142.0   59.0
  141.0   58.4
  140.0   57.7
  139.0   57.1
  138.0   56.3
  137.0   55.7
  136.0   55.1
  135.2   54.7
  136.0   54.4
  136.9   54.6
  137.0   53.8
  137.7   54.2
  137.5   53.6
  138.4   53.8
  138.8   54.2
  139.8   54.2
  140.4   53.8
  141.4   53.3
  141.2   53.5
  141.5   52.2
  141.0   51.6
  140.6   51.0
  140.7   50.0
  140.4   49.0
       0 0 
  142.0   49.0
  142.2   50.0
  142.2   51.1
  141.7   52.1
  141.8   53.3
  142.6   53.4
  142.3   54.1
  142.9   54.3
  143.1   53.4
  143.3   52.3
  143.5   51.2
  144.0   50.1
  144.6   48.8
  144.0   49.3
  143.3   49.4
  142.8   48.4
  142.6   47.6
  143.1   47.0
  143.6   46.3
  142.8   46.7
  142.1   46.0
  142.0   46.7
  142.0   47.5
  142.3   48.2
  142.0   49.0
       0 0 
  140.4   49.0
  139.6   48.0
  138.6   47.0
  138.0   46.0
  137.0   45.2
  136.0   44.3
  135.0   43.5
  134.0   42.8
  133.0   42.8
  132.0   43.3
  131.0   42.7
  130.0   42.0
  129.8   41.0
  129.0   40.5
  127.8   40.0
       0 0 
  141.6   45.2
  142.1   45.5
  142.8   44.8
  143.4   44.3
  144.4   44.0
  145.4   44.2
  145.2   43.6
  145.9   43.4
  144.7   42.9
  144.0   42.9
  143.4   42.1
  142.5   42.3
  141.6   42.6
  141.0   42.4
  140.4   42.3
  141.2   41.8
  140.1   41.5
  139.9   42.2
  140.4   42.8
  140.4   43.3
  141.4   43.2
  141.4   43.7
  141.9   44.4
  141.6   45.2
       0 0 
  141.1   41.5
  141.6   41.3
  141.6   40.7
  142.1   40.0
  142.0   39.0
  141.5   38.4
  141.0   38.1
  141.1   37.3
  140.7   36.6
  140.9   35.8
  140.0   35.0
  140.0   35.7
  139.2   35.3
  139.0   34.7
  138.7   35.2
  138.3   34.7
  137.3   34.7
  136.9   34.9
  137.0   34.3
  136.3   33.9
  135.8   33.4
  135.1   34.0
  135.4   34.7
  134.4   34.8
  133.4   34.4
  132.3   33.9
  131.3   33.8
  131.9   33.5
  132.0   32.8
  131.7   32.0
  131.0   31.1
  130.3   31.3
  130.3   32.0
  130.6   32.6
  129.8   33.1
  130.5   33.7
  131.0   34.3
  132.0   34.9
  132.9   35.6
  133.9   35.6
  134.9   35.7
  135.8   35.6
  136.0   36.0
  136.9   36.9
  137.4   37.4
  137.3   36.7
  138.1   37.1
  138.9   37.8
  139.6   38.5
  140.0   39.4
  140.0   40.4
  140.3   41.1
  141.1   41.5
       0 0 
  133.0   34.0
  133.2   33.9
  133.6   34.1
  134.1   34.4
  134.6   34.2
  134.7   33.8
  134.1   33.3
  133.3   33.3
  133.0   32.7
  132.5   33.4
  133.0   34.0
       0 0 
  127.8   40.0
  127.6   39.1
  128.7   38.4
  129.3   37.7
  129.6   37.0
  129.7   36.0
  129.2   35.2
  128.4   35.0
  127.5   34.9
  126.6   34.4
  126.3   35.3
  126.9   35.9
  126.2   36.8
  127.0   37.0
  126.4   37.8
  125.3   37.7
  124.9   38.1
  125.1   38.8
  125.5   39.4
  124.7   39.8
  123.9   39.9
  123.0   39.6
  122.2   39.3
  121.8   38.8
  121.0   38.8
  121.6   39.2
  121.4   39.5
  122.0   40.1
  122.3   40.6
  121.8   41.0
  120.8   40.7
  119.8   40.0
  119.0   39.2
  118.0   39.2
  117.6   38.6
  118.4   38.0
  118.9   37.4
  119.7   37.0
  120.9   37.8
  121.5   37.4
  122.2   37.6
  122.4   36.9
  121.7   36.9
  121.0   36.5
  120.3   36.0
  119.7   35.6
  119.2   35.0
  120.2   34.2
  120.9   33.0
  121.9   31.9
  121.9   30.9
  120.7   30.4
  122.0   30.0
  121.6   29.0
  121.0   28.1
  120.1   27.0
  119.6   25.9
  119.0   25.2
  118.1   24.3
  117.1   23.6
  116.3   23.0
  115.3   22.8
  114.4   22.6
  113.4   22.5
  112.7   21.9
  111.7   21.7
  111.0   21.4
  110.4   21.4
  110.5   20.5
  110.0   20.3
  109.6   21.0
        0 0 
  110.0   20.0
  110.9   20.9
  110.6   19.3
  110.2   18.6
  109.7   18.3
  108.7   18.7
  108.8   19.4
  109.2   20.0
  110.0   20.0
       0 0 
  109.6   21.0
  109.0   21.7
  108.0   21.6
  107.0   21.0
  106.0   20.0
  105.7   19.0
  106.4   18.0
  107.0   17.3
  108.0   16.4
  109.0   15.2
  109.2   14.0
  109.4   13.0
  109.2   12.0
  108.6   11.1
  107.7   10.8
  106.9   10.4
        0 0 
  120.8   22.0
  120.0   22.9
  120.0   23.7
  120.4   24.3
  121.0   25.1
  121.9   25.2
  121.6   24.1
  121.3   23.0
  120.8   22.0
       0 0 
  106.9   10.4
  106.1    9.6
  105.3    9.0
  104.9    8.6
  104.6    9.4
  104.9   10.1
  104.0   10.7
  103.0   11.0
  102.6   12.1
  102.0   12.8
  101.0   12.7
  101.0   13.5
  100.0   13.4
  100.0   12.0
   99.4   11.0
   99.1   10.0
   99.3    9.2
   99.9    9.4
  100.1    8.3
  100.5    7.4
  100.9    6.9
  101.6    7.0
  102.4    6.3
  103.0    5.3
  103.4    4.3
  103.3    3.3
  103.9    2.3
  104.1    1.4
  103.5    1.3
  102.7    2.0
  101.9    2.5
  101.2    3.5
  100.6    4.3
  100.4    5.9
   99.9    7.0
   99.3    7.8
   98.4    8.2
   98.3    9.1
   98.6   10.0
   98.7   11.1
   98.7   12.3
   98.6   13.3
   98.0   14.4
   97.8   15.3
   97.7   16.3
   97.0   17.0
   96.0   16.3
        0 0 
   92.7   13.5
   92.8   12.5
   92.5   11.7
   92.4   12.6
   92.7   13.5
       0 0 
   96.0   16.3
   95.2   15.8
   94.1   16.0
   94.3   17.1
   94.2   18.3
   93.8   19.0
   93.3   19.6
   93.6   19.8
   92.7   20.2
   92.0   21.1
   91.7   22.0
   91.2   23.0
   90.4   22.7
   89.9   22.0
   89.0   21.9
   88.0   21.7
   87.9   22.2
   87.5   21.8
   86.7   21.3
   86.9   20.8
   86.1   20.0
   85.0   19.7
   84.4   19.0
   83.7   18.3
   83.0   17.6
   82.1   17.0
   81.9   16.4
   81.1   16.3
   80.9   15.9
   80.3   15.9
   79.9   15.3
   80.0   14.4
   80.0   13.4
   80.0   12.6
   79.6   11.7
   79.7   10.6
   78.9    9.6
   78.0    9.0
   77.4    8.2
       0 0 
   80.0   10.0
   80.5    9.7
   81.0    8.9
   81.6    7.7
   81.7    6.9
   81.0    6.3
   80.0    6.1
   79.6    7.3
   79.7    8.7
   80.0   10.0
      0 0 
   77.4    8.2
   76.4    9.0
   76.0   10.2
   75.7   11.3
   75.0   12.2
   74.6   13.3
   74.2   14.4
   73.8   15.2
   73.4   16.0
   73.0   17.0
   72.8   18.0
   72.6   19.0
   72.4   20.0
   72.7   21.0
   72.4   21.7
   72.3   22.4
   72.0   21.4
   71.0   21.0
   70.0   21.1
   69.2   22.0
   68.8   22.5
   69.7   22.6
   70.1   23.0
   69.1   23.0
   68.0   23.8
   67.3   24.1
   67.0   24.9
   66.6   25.0
   66.6   25.5
   65.9   25.7
   65.0   25.5
   64.0   25.3
   63.0   25.2
   62.0   25.1
   61.0   25.2
   60.0   25.4
   58.7   25.5
   57.6   25.7
   57.4   26.3
   57.1   27.0
   56.2   27.0
   54.9   26.4
   53.9   26.6
   53.0   27.1
   52.4   27.7
   51.8   27.9
   51.4   28.6
   50.9   29.4
   50.3   30.1
   49.7   30.2
   49.4   30.7
   48.9   30.0
   48.4   29.4
   48.9   28.6
   49.3   27.9
   50.0   27.0
   50.5   26.3
   50.5   25.6
   51.0   25.3
   51.5   26.1
   51.9   25.6
   52.0   25.0
   51.7   25.4
   52.3   24.1
   53.0   24.2
   54.0   24.1
   55.0   25.0
   56.0   25.7
   56.5   26.3
   56.6   25.2
   57.2   24.3
   58.0   23.8
   59.0   23.5
   59.4   22.8
   60.0   22.4
   59.3   21.4
   58.6   20.4
   58.0   20.1
   58.1   19.0
   57.1   18.8
   56.9   18.0
   55.8   17.7
   55.3   17.0
   54.6   17.0
   53.8   16.7
   53.0   16.3
   52.5   15.6
   51.6   15.2
   50.6   14.9
   49.9   14.7
   49.0   14.0
   48.2   13.9
   47.0   13.3
   46.0   13.3
   45.2   12.9
   44.3   12.7
   43.7   12.8
   43.4   13.4
   43.2   14.3
   42.8   15.3
   43.0   16.4
   42.4   17.3
   41.7   18.0
   41.1   19.2
   40.4   20.1
   39.4   20.8
   39.1   21.7
   39.2   22.5
   38.7   23.5
   38.1   24.1
   37.4   24.4
   37.3   25.1
   36.9   26.0
   36.2   26.8
   35.8   27.6
   35.0   28.2
   34.3   28.0
   33.4   28.8
   32.8   30.0
       0 0 
   32.8   30.0
   32.9   29.0
   33.7   28.0
   34.2   27.0
   34.6   26.0
   35.1   25.0
   35.8   24.0
   36.0   22.9
   37.0   22.2
   37.4   21.0
   37.4   20.0
   37.7   18.9
   38.5   18.3
   39.1   17.4
   39.4   16.3
   39.6   15.6
   40.6   15.0
   41.4   14.6
   42.0   13.9
   43.0   13.0
   43.7   12.1
   42.9   11.6
   43.6   11.6
   44.2   10.7
   44.9   10.4
   46.2   10.8
   46.9   10.6
   47.6   11.1
   48.4   11.1
   49.0   11.3
   49.4   11.2
   50.4   11.6
   51.0   12.0
   51.5   11.8
   51.4   10.9
   51.1   10.0
   50.9    9.0
   50.2    8.0
   49.7    7.0
   49.4    6.0
   48.6    5.0
   47.8    4.0
   47.0    3.1
   46.0    2.3
   45.0    1.7
   44.0    1.0
   43.2     .0
   42.2   -1.0
   41.3   -2.0
   40.6   -2.6
   40.0   -3.7
   39.5   -4.7
   39.2   -5.5
   39.0   -6.2
   39.8   -7.0
   39.7   -8.0
   39.8   -9.0
   40.1  -10.0
   40.8  -10.7
   40.6  -11.8
   40.6  -12.9
   40.6  -14.0
   40.9  -14.9
   40.7  -15.6
   40.0  -16.3
       0 0 
   49.3  -12.0
   49.9  -12.8
   50.1  -14.0
   50.4  -15.0
   50.2  -16.0
   49.9  -15.6
   49.8  -16.5
   49.6  -17.3
   49.4  -18.4
   49.0  -19.4
   48.7  -20.6
   48.4  -21.5
   48.0  -22.5
   47.7  -23.5
   47.3  -24.4
   46.8  -25.2
   46.0  -25.3
   45.4  -25.6
   44.7  -25.3
   43.9  -24.8
   43.7  -23.9
   43.3  -22.9
   43.3  -21.9
   43.7  -21.2
   44.2  -20.6
   44.7  -19.8
   44.3  -18.7
   44.0  -17.4
   44.6  -16.3
   45.6  -16.0
   46.6  -15.6
   47.6  -15.0
   48.0  -13.6
   48.9  -13.2
   49.3  -12.0
      0 0 
   40.0  -16.3
   39.0  -17.1
   38.0  -17.3
   37.3  -17.9
   36.5  -18.7
   35.6  -19.4
   35.1  -20.0
   34.9  -20.6
   35.3  -21.4
   35.7  -22.3
   35.7  -23.0
   35.6  -24.0
   35.3  -24.7
   34.2  -25.0
   33.3  -25.4
   33.0  -26.0
   33.1  -27.0
   32.9  -28.0
   32.0  -29.0
   31.0  -30.0
   30.5  -31.0
   29.8  -31.6
   29.0  -32.4
   28.0  -33.2
   27.0  -33.7
   26.0  -33.8
   25.0  -34.2
   24.1  -34.0
   23.0  -34.0
   22.0  -34.1
   21.0  -34.4
   20.0  -34.9
   19.0  -34.4
   18.4  -33.8
   18.0  -32.8
   18.4  -32.4
   18.0  -31.5
   17.4  -30.7
   17.0  -29.7
   16.7  -28.8
   16.0  -28.1
   15.3  -27.2
   15.0  -26.0
   15.0  -25.0
   14.5  -24.1
   14.5  -23.0
   14.6  -22.3
   13.8  -21.5
   13.3  -20.6
   12.7  -19.7
   12.2  -18.8
   11.7  -17.8
   11.7  -16.7
   12.0  -15.4
   12.2  -14.4
   12.6  -13.5
   13.0  -12.7
   13.6  -12.4
   13.8  -11.4
   13.7  -10.4
   13.2   -9.8
   12.9   -9.0
   13.3   -8.2
   12.9   -7.0
   12.3   -6.1
   12.0   -5.0
   11.2   -4.0
   10.3   -3.0
    9.5   -2.0
    8.9    -.8
    9.4    -.1
    9.8    1.0
   10.1    2.0
   10.3    3.1
    9.7    4.0
    9.0    4.6
    8.0    4.5
    7.0    4.4
    6.2    4.3
    5.6    5.0
    5.1    6.0
    4.0    6.4
    3.0    6.4
    2.0    6.3
    1.0    5.9
     .0    5.6
    0 0
  360.0    5.6
  359.0    5.2
  358.0    4.8
  357.0    5.0
  356.0    5.2
  355.0    5.1
  354.0    4.9
  352.9    4.5
  352.4    4.3
  351.4    4.7
  350.7    5.1
  350.0    5.9
  349.0    6.6
  348.0    7.1
  347.2    8.0
  346.9    9.0
  346.1   10.0
  345.0   11.0
  344.7   12.0
  343.7   12.0
  343.3   12.4
  343.3   13.4
  343.2   14.4
  342.7   15.0
  343.5   15.7
  343.7   16.7
  344.0   17.6
  344.0   18.8
  343.5   19.6
  343.8   20.3
  343.0   21.1
  343.3   22.1
  343.9   23.0
  344.4   24.0
  345.1   24.9
  345.6   26.0
  346.2   26.6
  346.8   27.3
  347.4   28.0
  348.3   28.3
  349.0   28.8
  349.7   29.1
  350.1   29.6
  350.5   30.2
  350.1   30.8
  350.2   31.6
  350.7   32.1
  351.1   32.9
  351.5   33.3
  352.4   33.6
  353.1   34.1
  353.7   35.0
  353.9   35.5
  354.4   35.9
  355.0   35.5
  355.7   35.2
  356.8   35.4
  357.7   35.2
  358.7   35.5
  359.4   36.0
  360.0   36.1
   0 0
     .0   36.1
     .2   36.2
    1.3   36.6
    2.2   36.8
    3.5   36.9
    4.5   36.9
    5.4   36.7
    6.3   37.0
    7.1   36.9
    8.0   36.9
    9.0   37.0
    9.9   37.3
   10.5   37.1
   11.2   37.1
   11.0   36.6
   10.7   36.2
   11.2   35.6
   11.1   35.0
   10.7   34.6
   10.2   34.2
   10.7   33.6
   11.4   33.2
   12.3   33.0
   13.3   32.9
   14.3   32.7
   15.3   32.3
   15.9   31.5
   16.9   31.2
   17.9   31.0
   18.7   30.6
   19.5   30.3
   20.3   31.0
   20.0   32.0
   21.0   32.7
   22.0   33.0
   23.3   32.7
   23.0   32.3
   24.1   32.1
   25.1   32.0
   25.4   31.6
   26.4   31.7
   27.2   31.4
   28.4   31.1
   29.3   30.9
   30.0   31.2
   31.0   31.4
   32.0   31.4
   32.7   31.0
       0 0 
   32.7   31.0
   33.4   31.0
   34.4   31.1
   35.0   32.0
   35.3   33.0
   35.9   34.0
   36.2   34.7
   36.0   35.6
   36.4   36.7
   35.6   36.5
   35.0   36.8
   34.0   36.1
   32.9   36.0
        0 0 
   32.6   35.0
   32.8   34.5
   33.5   34.6
   34.2   35.0
   34.6   35.5
   33.6   35.3
   32.6   35.0
       0 0 
   32.9   36.0
   32.0   36.6
   31.0   36.8
   30.7   36.1
   30.0   36.0
   29.1   36.5
   28.2   36.7
   27.6   37.4
   27.3   38.0
   26.5   38.3
   27.3   38.8
   26.4   39.4
   26.6   40.2
   27.0   40.7
   26.0   40.9
   25.0   40.9
   24.0   40.7
   24.5   40.1
   23.7   40.0
   22.8   40.5
   23.2   39.6
   23.7   38.9
   24.5   38.5
   24.9   37.9
   24.3   38.1
   24.2   37.7
   23.3   37.9
   23.6   37.2
   23.0   37.3
       0 0 
   31.0   41.0
   34.0   41.9
   38.0   41.0
   40.0   41.0
   41.8   42.0
   37.0   45.0
   35.0   45.0
   34.0   44.5
   33.0   45.5
   34.0   46.0
   31.0   46.5
   28.0   42.5
   28.3   41.5
   31.0   41.0
        0 0 
   24.0   35.6
   23.8   35.3
   25.0   35.0
   25.8   35.0
   26.6   35.1
   25.9   35.3
   24.7   35.4
   24.0   35.6
       0 0 
   23.0   37.3
   23.4   36.4
   23.0   36.6
   22.6   36.2
   22.3   36.9
   22.1   36.6
   21.8   37.0
   21.4   37.9
   22.0   38.1
   21.3   38.3
   21.0   39.0
   20.2   39.9
   19.6   40.6
   19.9   41.7
   19.1   42.3
   18.0   42.9
   17.0   43.4
   16.0   43.8
   15.1   44.6
   15.1   45.0
   14.6   45.2
   14.1   44.8
   13.7   45.6
   12.5   45.4
   12.6   45.0
   12.5   44.3
   13.1   43.9
   14.0   43.5
   14.1   42.9
   14.7   42.3
   15.5   41.9
   16.4   41.9
   16.2   41.6
   17.0   41.2
   18.0   40.8
   18.9   40.2
   18.6   39.9
   18.2   40.3
   17.3   40.6
   16.9   39.9
   17.4   39.5
   17.4   39.0
   16.9   38.8
   16.9   38.3
   16.3   37.9
   16.0   38.0
   16.0   38.7
       0 0 
   15.8   38.1
   14.6   38.0
   13.5   38.1
   12.6   38.0
   12.8   37.5
   13.8   37.2
   14.6   36.9
   15.2   36.6
   15.5   37.0
   15.4   37.6
   15.8   38.1
       0 0 
   16.0   38.7
   16.4   38.9
   16.1   39.7
   15.6   40.0
   14.9   40.5
   14.2   41.0
   14.0   41.3
   13.0   41.4
   12.2   42.0
   11.1   42.7
   10.6   43.0
        0 0 
    9.6   42.9
    8.8   42.5
    8.8   41.8
    9.3   41.4
    9.8   42.2
    9.6   42.9
       0 0 
    9.3   41.2
   10.0   40.7
   10.0   40.0
    9.6   39.1
    9.0   38.9
    8.5   39.2
    8.6   40.0
    8.3   40.6
    8.4   40.9
    9.3   41.2
        0 0 
    3.1   40.0
    3.5   39.7
    3.1   39.3
    2.6   39.8
    3.1   40.0
       0 0 
   10.6   43.0
   10.3   44.0
    9.5   44.2
    8.9   44.4
    8.2   43.8
    7.2   43.5
    6.6   43.1
    5.9   43.1
    5.0   43.4
    4.0   43.6
    3.1   43.0
    3.3   42.1
    2.8   41.7
    2.0   41.3
    1.0   41.0
     .1   40.1
     .0   40.0
    0 0
  360.0   40.0
  359.7   39.6
  360.2   38.9
  359.7   38.3
  359.3   37.7
  358.4   37.4
  358.0   36.9
  357.0   36.8
  356.0   36.7
  355.0   36.4
  354.6   36.1
       0 0 
  354.6   36.1
  353.8   36.4
  353.6   37.0
  353.0   37.2
  352.3   37.0
  351.1   37.0
  351.3   38.0
  351.2   38.5
  350.8   38.5
  350.7   39.4
  351.2   40.2
  351.4   41.0
  351.4   42.3
  350.9   43.1
  351.8   43.4
  352.1   43.7
  353.2   43.6
  354.1   43.6
  355.2   43.5
  356.2   43.5
  357.3   43.4
  358.2   43.3
  358.7   43.6
  358.9   44.3
  359.0   45.0
  359.0   46.0
  358.0   46.9
  357.5   47.4
  356.5   47.7
  355.8   47.7
  355.2   48.5
  356.2   48.7
  357.2   48.8
  357.7   48.6
  358.6   48.6
  358.2   49.6
  358.9   49.6
  359.0   49.3
  359.9   49.3
       0 0 
  350.4   51.3
  349.9   52.1
  350.4   52.4
  350.9   53.1
  350.0   53.4
  350.5   53.7
  350.0   53.9
  350.3   54.1
  351.4   54.1
  352.0   54.5
  351.3   54.6
  352.2   55.1
  353.1   55.1
  354.0   55.1
  354.5   54.6
  354.5   54.2
  353.9   53.9
  354.0   53.2
  353.9   52.6
  353.6   52.1
  352.7   52.0
  352.0   51.7
  351.1   51.4
  350.4   51.3
       0 0 
  354.2   50.0
  355.4   50.6
  356.0   50.9
  356.9   51.0
  357.4   51.4
  356.7   51.3
  355.8   51.6
  355.0   51.5
  354.8   51.8
  356.0   52.0
  356.0   52.8
  355.4   52.7
  355.8   53.2
  357.0   53.3
  357.2   54.0
  356.4   54.4
  356.9   54.9
  356.0   54.7
  355.0   54.6
  355.0   55.0
  355.4   55.4
  355.1   55.8
  355.0   55.3
  354.4   55.3
  354.4   55.9
  354.7   56.4
  354.2   56.2
  353.8   56.2
  354.0   56.6
  354.1   56.9
  353.4   57.4
  354.3   57.1
  354.2   57.7
  354.8   57.9
  355.0   58.5
  356.0   58.5
  357.0   58.6
  357.0   58.3
  356.0   57.9
  356.3   57.6
  357.2   57.6
  358.2   57.6
  358.2   57.1
  357.7   56.6
  357.4   56.2
  357.0   55.9
  357.7   55.8
  358.5   55.5
  358.8   54.7
  359.6   54.3
  360.0   54.0
   0 0
    0.0   54.0
     .2   53.6
     .4   53.1
     .3   52.8
    1.3   52.9
    1.9   52.3
    1.7   51.9
    1.0   51.6
     .7   51.3
    1.6   51.2
    1.1   50.8
     .1   50.6
    0.0   50.6
   0 0
  360.0   50.7
  359.3   50.7
  358.3   50.6
  357.8   50.4
  356.7   50.5
  356.4   50.2
  355.5   50.2
  355.0   50.0
  354.2   50.0
      0 0 
   -0.1   49.3
     .5   49.4
     .1   49.7
    1.0   49.9
    1.8   50.1
    1.8   50.7
    2.8   51.0
    3.6   51.3
    4.8   51.7
    4.1   51.9
    4.7   52.6
    5.4   52.7
    5.3   52.1
    6.1   52.6
    5.6   52.8
    6.0   53.3
    7.0   53.3
    7.5   53.6
    8.3   53.5
    9.1   53.8
    8.6   54.3
    9.0   54.5
    8.6   54.8
    8.6   55.4
    8.0   55.6
    8.1   56.6
    8.6   57.1
    9.4   57.2
   10.0   57.6
   10.3   57.6
   10.6   57.8
   10.5   57.6
   10.5   57.2
   10.3   57.0
   10.4   56.6
   11.0   56.5
   10.7   56.1
   10.3   56.2
   10.1   55.7
    9.8   55.7
    9.6   55.1
   10.0   55.0
   10.1   54.9
    9.6   54.9
   10.7   54.3
   11.3   54.4
   11.0   54.5
   11.0   53.9
   11.7   53.9
   12.5   54.2
   13.2   54.2
   13.9   53.9
   14.4   53.8
   15.5   54.0
   16.4   54.2
   17.4   54.6
   18.6   54.8
   19.0   54.2
   20.0   54.3
   20.2   54.9
   21.4   54.9
   21.6   55.3
   21.4   56.0
   21.3   56.7
   21.9   57.5
   22.7   57.6
   23.9   56.8
   24.6   57.2
   24.4   58.2
   23.6   58.4
   22.7   58.1
   22.2   57.9
   22.1   58.4
   23.1   58.6
   23.9   58.8
   23.8   59.1
   24.6   59.4
   25.9   59.5
   26.9   59.5
   27.9   59.4
   28.3   59.4
   28.7   59.7
   29.4   59.9
   30.4   59.9
   30.0   60.2
   29.2   60.1
   28.6   60.4
   27.6   60.4
   26.3   60.3
   25.3   60.2
   24.4   60.0
   23.6   59.9
   22.7   60.0
   22.7   60.3
   21.6   60.6
   21.9   61.7
   21.4   62.7
   22.6   63.3
   23.6   63.9
   24.6   64.5
   25.4   65.1
   24.7   65.6
   23.5   65.7
   22.4   65.7
   21.7   65.1
   21.3   64.6
   21.7   64.3
   20.8   63.7
   19.7   63.4
   18.6   62.9
   17.7   62.3
   17.6   61.7
   17.4   61.0
   17.6   60.5
   18.7   60.3
   19.1   59.9
   18.5   59.3
   18.0   58.8
   17.0   58.5
   16.9   57.5
        0 0 
   19.4   57.9
   19.0   57.3
   18.5   56.9
   18.5   57.6
   19.4   57.9
       0 0 
   11.9   55.9
   11.9   56.0
   12.3   56.1
   12.6   56.0
   12.5   55.9
   12.7   55.6
   12.3   55.6
   12.2   55.5
   12.5   55.3
   12.1   55.2
   12.1   55.1
   12.2   55.1
   12.1   55.0
   11.9   55.0
   11.6   55.1
   11.9   55.0
   11.6   55.2
   11.2   55.2
   11.1   55.6
   10.9   55.7
   11.0   55.7
   10.9   55.8
   11.3   55.7
   11.5   55.9
   11.2   56.0
   11.8   56.0
   11.8   55.9
   11.9   55.9
       0 0 
   16.9   57.5
   16.4   56.5
   16.0   56.0
   15.0   56.0
   14.4   55.3
   13.0   55.3
   12.9   56.2
   13.1   56.4
   12.3   57.0
   11.6   58.0
   11.1   59.1
   10.6   59.5
   10.3   58.9
    9.7   58.8
    8.8   58.3
    7.8   57.9
    6.9   58.0
    5.7   58.7
    6.0   59.6
    5.6   60.6
    5.4   61.5
    5.8   62.1
    6.8   62.5
    7.9   62.9
    8.8   63.1
   10.0   63.6
   11.0   64.4
   12.0   64.9
   13.0   65.8
   13.7   66.6
   14.6   67.1
   15.6   67.8
   15.9   68.3
   14.9   68.6
   16.0   68.9
   17.0   68.6
   17.9   68.9
   17.2   69.1
   17.9   69.4
   19.1   69.7
   20.5   69.8
   21.5   70.1
   22.5   70.2
   23.5   70.3
   24.5   70.6
   25.4   70.8
   26.6   70.8
   27.4   70.9
   28.7   70.8
   29.6   70.6
       0 0 
   17.0   76.5
   15.4   77.0
   14.1   77.4
   13.9   78.0
   15.0   78.1
   16.0   78.3
   17.0   78.3
   15.8   78.4
   15.0   78.6
   15.0   78.3
   14.0   78.2
   13.0   78.2
   11.8   78.7
   11.4   79.1
   11.0   79.6
   12.0   79.8
   13.0   79.8
   14.0   79.8
   14.0   79.7
   13.0   79.6
   14.0   79.4
   14.7   79.7
   15.8   79.2
   16.0   79.9
   16.8   80.0
   18.0   79.8
   19.0   79.4
   19.0   79.2
   20.0   79.0
   21.0   78.9
   21.7   78.8
   21.6   78.6
   22.1   78.6
   22.5   78.4
   22.2   78.2
   23.5   78.1
   23.5   77.9
   24.5   77.8
   24.9   77.7
   24.0   77.4
   22.7   77.2
   22.6   77.4
   21.0   77.3
   21.7   77.8
   21.0   78.1
   20.3   78.4
   21.2   78.6
   19.7   78.5
   19.0   78.0
   18.0   77.4
   17.0   76.5
       0 0 
   20.9   79.4
   19.7   79.6
   20.7   79.6
   21.7   79.7
   21.7   79.8
   20.6   79.7
   19.7   79.7
   18.9   79.7
   17.9   80.2
   19.0   80.2
   20.0   80.4
   21.0   80.2
   22.0   80.2
   22.3   80.0
   23.0   80.4
   23.4   80.4
   23.5   80.2
   24.7   80.3
   25.7   80.2
   27.1   80.1
   27.1   79.8
   26.0   79.6
   26.0   79.4
   25.0   79.3
   24.0   79.1
   23.0   79.1
   22.7   79.4
   21.6   79.4
   20.9   79.4
       0 0 
   29.6   70.6
   30.5   70.5
   31.3   70.3
   30.2   70.0
   30.2   69.8
   31.2   69.7
   32.3   69.8
   33.2   69.6
   33.2   69.3
   34.3   69.2
   35.2   69.1
   36.2   68.9
   37.2   69.7
   38.2   69.4
   39.1   69.2
   40.0   68.0
   41.0   67.6
   41.4   67.0
   40.7   66.4
   39.8   66.1
   38.5   66.0
   37.5   66.2
   36.4   66.3
   35.4   66.4
   34.4   66.6
   33.7   66.7
   33.1   66.5
   34.2   66.2
   35.0   65.7
   35.0   64.8
   35.0   64.4
   36.0   64.4
   36.5   63.9
   37.7   63.8
   38.1   64.1
   37.3   64.4
   36.6   64.8
   37.1   65.1
   38.0   64.9
   39.0   64.7
   40.0   64.5
   40.7   64.5
   39.8   65.4
   40.6   65.8
   41.6   66.1
   42.4   66.5
   43.5   66.3
   44.1   66.1
   44.6   66.9
   43.9   67.1
   44.1   68.0
   43.4   68.6
   44.6   68.4
   45.7   68.4
   46.8   67.8
   45.7   67.7
   45.0   67.4
   46.0   67.0
   46.3   66.7
   47.2   66.7
   48.1   66.9
   48.1   67.6
   49.0   67.8
   50.0   68.0
      0 0 
  316.1   59.9
  315.1   60.1
  314.4   60.6
  313.7   60.8
  312.7   60.8
  311.6   61.0
  310.9   61.5
  310.1   62.2
  309.5   62.9
  308.6   63.6
  308.0   64.1
  307.8   65.1
  307.1   65.6
  306.4   65.9
  306.5   66.4
  307.0   66.7
  306.2   67.0
  306.4   67.5
  306.8   68.1
  307.6   68.4
  308.5   68.4
  309.0   68.9
  309.3   69.3
  308.8   69.7
  307.6   70.0
  307.0   70.2
  306.8   70.1
  307.2   69.9
  308.0   69.7
  308.0   69.5
  307.0   69.3
  306.0   69.2
  305.0   69.6
  305.0   70.1
  306.0   70.3
  305.4   70.7
  306.0   70.8
  307.0   70.7
  308.0   70.6
  309.0   70.5
  308.3   71.0
  307.5   71.3
  307.0   71.7
  306.0   71.5
  305.2   71.4
  304.2   71.4
  304.0   71.7
  304.7   72.0
  305.1   72.3
  305.4   72.7
  304.8   73.0
  304.4   73.6
  303.8   74.1
  303.5   74.4
  302.9   74.8
  301.7   75.1
  301.4   75.4
  301.8   75.6
  300.9   75.8
  299.9   75.9
  298.8   76.1
  297.8   76.2
  296.8   76.3
  295.9   76.1
  294.9   76.1
  294.2   76.0
  293.5   76.1
  293.3   75.9
  292.1   76.0
  291.1   76.1
  290.2   76.4
  291.1   76.6
  292.0   76.6
  290.9   76.7
  290.0   76.8
  288.8   76.9
  289.0   77.1
  290.0   77.2
  291.1   77.3
  292.2   77.3
  293.1   77.3
  293.5   77.6
  292.3   77.5
  291.3   77.5
  290.7   77.4
  289.7   77.6
  289.2   77.7
  288.4   77.8
  287.4   78.0
  287.0   78.2
  287.3   78.5
  288.2   78.6
  289.1   78.7
  290.2   78.8
  291.2   79.1
  292.3   79.1
  293.3   79.1
  294.3   79.3
  295.0   79.6
  294.7   79.7
  295.5   79.8
  294.8   80.0
  293.6   80.0
  292.5   80.1
  292.3   80.3
  293.1   80.5
  294.1   80.7
  295.0   80.9
  295.8   81.1
  296.9   81.2
  297.8   81.1
  298.4   81.2
  298.0   81.4
  298.6   81.5
  298.0   81.7
  299.0   81.9
  300.0   81.9
  300.5   81.8
  301.0   81.6
  302.0   81.5
  301.3   81.7
  300.8   81.9
  300.0   82.0
  301.0   82.1
  302.0   82.1
  303.0   82.2
  304.0   82.2
  304.8   82.3
  306.0   82.1
  306.1   82.3
  307.2   82.3
  307.5   82.2
  308.1   82.0
  309.0   81.9
  309.9   81.9
  309.0   82.1
  308.5   82.2
  308.1   82.5
  309.1   82.5
  310.1   82.4
  310.5   82.3
  311.6   82.2
  312.4   82.1
  313.1   82.0
  313.7   81.9
  314.2   81.8
  315.0   81.9
  314.0   82.1
  313.0   82.3
  312.2   82.4
  311.6   82.7
  312.6   82.7
  313.9   82.6
  315.0   82.4
  313.5   82.7
  314.6   82.7
  315.7   82.7
  316.6   82.7
  315.4   82.8
  314.3   82.8
  313.4   82.8
  312.4   82.8
  311.5   82.7
  310.7   82.8
  311.3   82.9
  312.4   83.0
  313.1   83.1
  314.0   83.1
  315.0   83.2
  316.0   83.2
  317.0   83.2
  318.0   83.2
  319.0   83.2
  320.0   83.3
  321.0   83.4
  322.0   83.6
  323.0   83.6
  324.0   83.6
  325.0   83.6
  326.0   83.6
  327.0   83.6
  328.0   83.6
  329.0   83.6
  330.0   83.6
  331.1   83.7
  332.0   83.6
  333.0   83.5
  334.0   83.4
  333.0   83.3
  332.0   83.3
  331.0   83.3
  330.0   83.3
  329.0   83.2
  330.0   83.2
  331.0   83.2
  332.0   83.2
  333.0   83.2
  334.0   83.3
  335.0   83.3
  335.7   83.0
  335.2   82.9
  336.6   83.0
  338.0   82.8
  339.0   82.7
  339.9   82.6
  339.0   82.5
  338.2   82.4
  337.6   82.3
  336.6   82.3
  335.6   82.3
  334.5   82.3
  333.6   82.3
  332.6   82.3
  331.6   82.3
  330.6   82.3
  329.7   82.3
  328.4   82.1
  327.6   82.0
  326.4   81.9
  326.2   81.7
  327.0   81.7
  328.0   81.9
  329.0   82.0
  330.2   82.1
  331.3   82.1
  332.4   82.1
  333.3   82.1
  334.3   82.1
  334.7   82.1
  334.4   81.8
  333.0   81.7
  334.0   81.7
  335.0   81.7
  336.0   81.7
  336.1   82.0
  337.0   82.1
  338.0   82.1
  338.6   81.9
  338.2   81.6
  337.9   81.5
  336.8   81.4
  336.0   81.2
  335.3   81.0
  336.8   81.1
  337.9   81.2
  339.0   81.3
  340.0   81.6
  340.5   81.7
  341.3   81.6
  342.8   81.7
  343.8   81.8
  344.9   81.8
  345.9   81.7
  346.9   81.7
  347.9   81.5
  348.3   81.3
  347.3   81.1
  346.5   80.9
  345.1   81.0
  345.6   80.7
  344.4   80.6
  343.1   80.6
  342.0   80.5
  343.0   80.5
  344.1   80.4
  343.0   80.1
  342.1   80.1
  341.0   80.1
  341.8   80.0
  342.8   80.0
  342.3   79.8
  341.8   79.6
  342.0   79.5
  341.2   79.3
  341.5   79.1
  340.6   78.9
  340.8   78.1
  340.2   77.8
  341.1   77.5
  341.8   77.2
  341.7   76.8
  340.3   76.8
  339.1   76.9
  338.4   76.7
  338.5   76.2
  339.6   76.2
  340.3   76.1
  340.6   75.7
  341.2   75.4
  342.2   75.3
  342.6   75.0
  341.1   75.0
  340.0   75.1
  340.1   74.8
  340.9   74.5
  340.8   74.2
  339.8   74.1
  338.7   74.0
  340.0   73.8
  339.7   73.4
  338.5   73.3
  337.7   73.2
  336.9   73.2
  337.6   72.9
  338.2   72.8
  338.3   72.4
  338.0   72.1
  337.0   72.2
  335.9   72.4
  337.0   72.0
  337.8   71.6
  338.4   71.3
  338.4   70.4
  337.2   70.4
  336.1   70.6
  335.6   71.2
  334.8   71.3
  335.0   70.9
  335.0   70.5
  333.9   70.2
  335.0   70.2
  336.1   70.2
  337.0   70.1
  338.0   70.1
  337.0   69.7
  336.0   69.4
  335.0   69.0
  334.0   68.7
  333.0   68.5
  332.0   68.4
  331.0   68.2
  330.0   68.0
  329.0   68.0
  328.3   68.0
  327.2   67.2
  326.2   66.7
  325.2   66.2
  324.0   65.9
  323.0   65.5
  322.0   65.6
  321.0   65.5
  320.0   64.9
  320.0   64.2
  319.2   64.1
  319.6   63.6
  318.9   63.1
  318.0   62.8
  318.0   62.1
  317.7   61.4
  317.3   60.8
  317.0   60.1
  316.1   59.9
       0 0 
  341.4   63.3
  340.6   63.3
  339.8   63.4
  339.4   63.7
  338.4   63.8
  337.3   63.9
  338.1   64.0
  337.6   64.6
  336.5   64.6
  336.2   64.8
  337.0   64.8
  338.0   65.0
  337.5   65.0
  338.3   65.3
  337.5   65.4
  336.5   65.3
  335.7   65.4
  336.3   65.8
  336.8   66.1
  337.0   66.3
  337.7   66.3
  338.3   66.1
  338.8   65.8
  338.7   65.5
  339.0   65.2
  339.4   65.6
  339.8   65.6
  339.8   66.0
  340.6   65.7
  340.6   66.0
  341.4   66.0
  342.1   66.1
  342.6   65.9
  343.5   66.1
  343.6   66.5
  344.2   66.4
  344.5   66.2
  345.3   66.3
  345.1   66.0
  345.5   65.9
  345.5   65.7
  346.4   65.5
  346.5   65.1
  346.4   64.8
  346.0   64.6
  345.7   64.7
  345.7   64.3
  345.0   64.1
  344.8   64.2
  344.0   63.9
  343.4   63.7
  342.7   63.6
  341.9   63.4
  341.9   63.3
  341.4   63.3
       0 0 
  239.5   71.6
  238.3   71.4
  237.4   71.2
  236.8   71.1
  236.2   71.5
  234.9   71.9
  233.9   71.9
  234.5   72.5
  235.0   72.9
  235.4   73.5
  236.0   73.8
  235.2   74.4
  236.4   74.5
  237.7   74.6
  238.8   74.6
  239.5   74.4
  240.4   74.2
  241.4   74.3
  242.1   74.3
  243.0   74.1
  244.0   73.7
  244.7   73.5
  242.9   73.3
  242.0   72.9
  241.0   72.6
  240.6   72.3
  240.0   72.3
  239.4   71.9
  239.5   71.6
       0 0 
  244.0   69.3
  243.0   69.6
  242.6   70.0
  243.0   70.1
  244.0   70.2
  245.0   70.3
  246.0   70.3
  247.0   70.2
  247.9   70.2
  248.0   70.4
  247.0   70.5
  246.0   70.6
  244.6   70.5
  243.5   70.6
  242.3   70.6
  241.5   71.0
  242.0   71.2
  243.0   71.3
  244.1   71.5
  243.0   71.4
  241.6   71.4
  241.0   71.6
  241.4   72.2
  242.0   72.2
  241.4   72.4
  242.3   72.8
  243.8   73.2
  245.3   73.4
  245.7   73.3
  246.0   72.9
  245.3   72.6
  246.5   72.7
  246.9   73.0
  248.0   72.9
  248.9   72.7
  248.4   72.3
  249.8   72.7
  251.3   72.5
  252.6   72.2
  252.6   71.7
  251.1   71.7
  251.7   71.3
  250.5   70.7
  249.5   70.8
  248.5   70.9
  247.6   71.1
  246.9   71.4
  246.1   70.9
  244.9   70.8
  243.9   70.6
  243.0   70.6
  241.9   70.5
  241.0   70.5
  240.3   70.5
  239.7   71.2
  238.5   71.4
  237.5   71.4
  237.1   71.6
  238.3   71.4
  239.0   71.2
  239.1   70.7
  239.7   70.3
  240.3   70.5
  239.8   71.1
  239.5   71.8
  239.7   72.0
  240.7   72.0
  240.9   72.3
  242.5   72.4
  243.2   72.2
  243.0   71.9
  242.3   71.5
  242.5   71.1
  242.7   70.6
  243.3   70.2
  243.1   69.7
  244.0   69.3
       0 0 
  243.0   68.8
  244.0   68.9
  245.0   68.8
  246.0   68.3
  244.6   67.9
  245.5   67.7
  246.5   67.7
  247.5   67.6
  248.7   67.7
  250.0   67.9
  250.9   67.6
  251.9   67.3
  252.6   66.9
  252.0   67.8
  253.1   68.2
  251.6   68.1
  251.6   68.6
  252.7   68.6
  253.7   68.8
  254.5   68.6
  255.0   68.2
  256.0   68.0
  257.0   67.9
  258.0   67.7
  259.0   67.7
  260.0   67.8
  261.0   67.6
  261.3   68.3
  262.3   68.5
  261.4   68.7
  260.5   68.9
  261.6   69.3
  262.1   69.8
  263.0   69.5
  264.0   69.0
  264.6   68.6
  263.0   68.4
  264.0   68.0
  264.3   67.2
  264.7   68.0
  265.8   68.0
  266.3   68.6
  265.4   68.7
  265.9   69.3
  265.0   69.6
  264.0   69.8
  263.4   70.2
  264.0   70.6
  264.0   71.3
  265.0   71.8
  264.8   72.4
  264.3   73.3
  264.7   74.0
  266.0   74.1
  267.0   74.1
  268.0   73.9
  269.0   73.9
  269.7   73.8
  268.6   73.2
  267.9   72.6
  266.9   72.7
  266.0   72.6
  266.6   72.3
  265.6   71.9
  266.4   71.6
  267.3   71.3
  267.1   70.7
  268.2   70.3
  267.5   69.6
  268.8   69.5
  269.4   68.9
  270.0   68.2
       0 0 
  263.5   71.7
  262.3   71.5
  261.6   71.2
  260.8   71.3
  259.9   71.8
  258.5   72.2
  257.5   72.5
  257.9   72.9
  259.0   72.5
  259.9   72.7
  259.6   73.2
  258.6   73.3
  258.9   73.6
  260.0   73.8
  261.0   73.9
  262.0   74.0
  262.0   73.8
  263.0   73.6
  262.0   73.1
  262.6   72.9
  263.3   72.6
  263.6   72.3
  263.5   71.7
        0 0 
  264.9   74.6
  263.3   75.0
  265.3   75.6
  266.6   75.2
  266.5   74.6
  264.9   74.6
       0 0 
  262.0   75.0
  261.0   74.9
  260.0   74.9
  259.2   75.0
  260.0   75.6
  258.9   75.6
  258.0   75.5
  257.2   75.4
  256.0   76.0
  255.3   76.6
  256.1   76.6
  257.2   76.3
  258.4   75.8
  258.0   76.4
  258.9   76.3
  259.6   76.6
  260.6   76.5
  261.4   76.6
  262.2   76.4
  262.3   75.7
  262.0   75.0
       0 0 
  254.0   75.0
  253.0   74.9
  252.0   74.9
  251.0   75.0
  250.0   74.8
  249.0   74.6
  248.0   74.4
  246.9   74.3
  245.6   74.6
  246.6   74.8
  247.6   74.9
  248.5   74.9
  249.0   75.2
  247.8   75.1
  246.6   75.0
  246.0   75.2
  245.0   74.9
  244.0   75.0
  243.0   75.1
  242.4   75.2
  243.0   75.7
  243.9   76.2
  245.0   76.4
  246.0   76.4
  246.0   76.2
  247.0   76.2
  247.9   76.0
  249.0   75.5
  250.0   75.5
  251.0   75.5
  250.2   75.8
  250.7   76.0
  249.5   76.4
  250.3   76.6
  251.3   76.7
  252.0   76.2
  252.2   75.8
  253.2   76.0
  254.2   75.9
  254.7   75.5
  254.0   75.0
       0 0 
  241.0   76.0
  240.0   75.7
  239.0   75.9
  238.0   75.9
  237.0   76.1
  238.2   76.4
  239.6   76.7
  240.4   77.0
  241.0   77.3
  242.0   77.3
  243.0   77.3
  243.5   77.5
  244.6   77.3
  243.6   77.0
  244.3   76.8
  243.8   76.5
  243.0   76.5
  242.5   76.2
  242.1   76.7
  241.0   76.0
       0 0 
  246.8   77.8
  248.0   78.0
  249.0   78.0
  250.3   78.0
  249.0   77.7
  250.0   77.7
  249.7   77.4
  249.0   77.3
  247.9   77.3
  247.1   77.4
  246.8   77.8
       0 0 
  250.4   78.2
  249.3   78.2
  248.4   78.2
  247.6   78.3
  246.7   78.2
  247.4   78.4
  248.5   78.5
  249.5   78.7
  250.6   78.4
  250.4   78.2
       0 0 
  255.0   78.5
  256.6   78.5
  255.7   78.9
  254.9   78.7
  255.0   78.9
  254.3   78.9
  254.4   79.3
  255.4   79.4
  256.4   79.3
  257.4   78.8
  258.0   79.0
  259.5   78.7
  260.0   78.5
  260.9   78.1
  260.7   77.8
  259.4   77.8
  258.8   78.2
  257.6   78.3
  256.9   78.4
  256.0   78.3
  255.0   78.5
       0 0 
  262.1   78.0
  263.1   78.1
  262.0   78.2
  261.6   78.8
  262.6   78.8
  263.7   78.7
  264.6   78.5
  265.3   78.3
  264.6   78.2
  265.2   78.0
  264.5   77.8
  263.7   77.7
  262.9   77.7
  262.1   78.0
       0 0 
  271.2   78.1
  270.4   78.2
  270.0   78.0
  269.0   78.1
  268.0   78.2
  267.2   78.4
  268.2   78.5
  267.0   78.6
  266.2   78.9
  267.2   79.2
  268.3   79.2
  268.0   79.4
  267.0   79.3
  266.0   79.4
  265.4   79.3
  264.7   79.5
  264.0   80.0
  265.0   81.0
  266.0   81.1
  267.3   81.2
  266.0   81.2
  265.5   81.3
  266.9   81.3
  267.9   81.2
  269.0   80.8
  270.0   80.5
  271.0   80.5
  272.3   80.4
  273.0   79.7
  274.0   79.6
  275.0   79.3
  273.9   79.1
  273.0   78.8
  272.1   78.6
  271.2   78.1
      0 0 
  270.2   76.5
  271.1   76.9
  272.3   77.0
  272.7   77.3
  271.6   77.6
  272.3   77.8
  273.4   77.8
  274.4   77.4
  274.6   78.1
  273.6   78.1
  272.5   78.1
  273.2   78.7
  274.4   78.7
  275.5   78.7
  275.3   79.4
  273.4   79.8
  273.6   80.3
  275.0   80.3
  276.0   80.3
  277.0   80.3
  278.0   80.3
  279.0   80.4
  280.0   80.6
  281.0   80.7
  282.0   80.8
  281.0   80.8
  279.9   80.7
  279.0   80.6
  278.0   80.5
  277.0   80.4
  276.0   80.4
  275.0   80.4
  274.0   80.5
  273.0   80.5
  272.0   80.6
  271.0   80.8
  270.0   81.4
  270.5   81.6
  268.9   81.5
  268.0   81.6
  269.0   81.8
  270.3   81.8
  271.4   82.1
  272.6   82.0
  273.9   82.0
  272.8   82.2
  274.1   82.2
  273.7   82.4
  274.9   82.4
  276.0   82.3
  277.0   82.3
  277.0   82.6
  278.0   82.7
  279.0   82.8
  280.0   82.9
  281.0   82.8
  282.0   82.8
  283.0   83.1
  284.0   83.1
  285.0   83.0
  286.0   82.8
  286.2   83.1
  287.5   83.1
  288.5   83.1
  289.5   83.1
  290.4   83.0
  291.6   83.0
  292.5   83.0
  293.3   82.9
  292.4   82.7
  291.0   82.6
  292.2   82.6
  293.0   82.7
  294.0   82.8
  295.0   82.9
  296.0   82.8
  297.0   82.5
  298.0   82.5
  299.0   82.3
  298.0   82.1
  297.0   81.8
  296.0   81.7
  295.0   81.7
  294.0   81.6
  293.0   81.6
  293.0   81.4
  294.0   81.4
  295.5   81.5
  295.0   81.3
  294.0   81.2
  293.0   80.9
  292.0   80.7
  291.0   80.5
  290.1   80.3
  289.2   80.0
  288.0   79.6
  287.0   79.6
  286.0   79.4
  285.0   79.4
  284.0   79.3
  283.0   79.3
  284.0   79.2
  285.5   79.2
  284.3   78.0
  283.0   77.8
  281.7   77.8
  282.2   77.4
  281.1   77.2
  280.0   77.2
  281.0   77.0
  280.9   76.8
  282.0   76.8
  282.1   76.5
  281.3   76.3
  280.3   76.2
  278.8   76.1
  279.3   76.4
  278.4   76.4
  277.5   76.3
  276.6   76.3
  275.4   76.3
  275.1   76.2
  274.0   76.3
  273.0   76.3
  272.0   76.3
  271.0   76.3
  270.2   76.5
       0 0 
  269.0   76.6
  270.0   76.3
  270.7   76.2
  270.0   76.1
  269.0   76.1
  270.0   75.9
  271.0   75.6
  272.0   75.4
  273.0   75.4
  273.8   75.3
  275.0   75.6
  276.0   75.7
  277.0   75.7
  278.0   75.7
  279.0   75.6
  279.9   75.5
  280.4   75.4
  279.6   75.0
  280.5   74.9
  279.7   74.5
  279.0   74.5
  278.0   74.4
  277.0   74.5
  276.0   74.4
  275.0   74.4
  274.0   74.4
  273.0   74.4
  272.0   74.4
  271.0   74.6
  270.0   74.4
  269.0   74.6
  268.0   74.7
  267.6   75.4
  268.0   75.5
  267.0   76.3
  266.0   76.2
  265.0   76.2
  264.0   76.4
  263.0   76.7
  264.1   77.1
  265.0   77.0
  266.1   76.9
  266.8   76.5
  268.0   76.6
  269.0   76.6
       0 0 
  270.1   72.1
  271.3   73.3
  272.4   73.6
  273.6   73.7
  275.1   73.6
  274.7   73.2
  276.0   73.5
  277.2   73.7
  278.7   73.7
  280.0   73.6
  281.0   73.6
  282.0   73.6
  283.1   73.5
  283.8   72.8
  282.6   72.8
  284.0   72.5
  285.6   72.0
  286.4   71.6
  287.5   71.6
  288.6   71.4
  289.7   70.8
  291.0   70.6
  292.0   70.3
  293.0   69.7
  291.8   69.5
  292.4   69.2
  292.5   69.0
  291.7   69.0
  292.0   68.4
  293.1   68.0
  294.0   67.8
  295.0   67.9
  296.0   67.3
  297.0   67.0
  298.0   66.9
  298.8   66.5
  298.0   66.0
  297.0   65.4
  296.3   64.7
  295.0   65.3
  294.0   65.9
  293.0   66.4
  292.2   65.6
  293.1   65.0
  294.1   64.7
  295.0   64.0
  295.0   62.4
  294.0   62.9
  293.0   63.2
  292.0   63.4
  291.2   63.6
  292.0   63.0
  293.0   62.6
  294.0   61.8
  293.0   61.9
  292.0   62.0
  291.0   62.2
  290.0   62.7
  289.0   62.9
  288.0   63.6
  287.0   64.0
  286.0   64.5
  285.1   64.4
  284.1   64.4
  283.3   64.1
  282.0   64.3
  282.0   64.8
  283.0   65.3
  284.0   65.2
  285.0   65.2
  286.4   65.4
  285.6   66.1
  286.4   66.4
  287.7   67.1
  287.1   68.0
  286.0   68.4
  285.0   68.8
  283.5   68.6
  284.0   69.3
  283.0   69.6
  282.0   70.2
  281.1   69.8
  280.0   69.6
  279.1   69.6
  277.7   69.7
  276.6   69.8
  275.5   69.9
  274.1   70.0
  272.9   70.2
  271.6   70.3
  270.7   70.7
  271.7   71.0
  270.2   71.2
  270.1   72.1
        0 0 
  283.6   68.3
  285.0   68.1
  284.9   67.5
  284.0   67.1
  283.0   67.1
  282.8   67.7
  283.6   68.3
       0 0 
  274.5   65.8
  275.5   65.4
  276.5   65.0
  277.4   64.7
  278.3   64.5
  279.0   63.9
  279.8   63.6
  279.0   63.4
  278.0   63.5
  277.0   64.0
  276.0   63.5
  275.2   63.1
  274.6   63.0
  274.4   63.6
  273.6   63.6
  272.9   63.7
  273.9   64.1
  273.6   64.5
  274.0   65.3
  274.5   65.8
      0 0 
  270.0   68.2
  271.0   69.1
  272.0   68.7
  272.0   67.6
  272.8   67.1
  273.5   67.6
  273.2   68.1
  274.0   67.9
  274.4   68.6
  275.2   68.6
  274.6   69.1
  274.6   69.7
  275.4   69.7
  276.4   69.6
  277.6   69.5
  278.0   69.1
  278.7   69.0
  278.8   68.4
  277.7   68.4
  278.2   67.7
  279.0   67.4
  278.0   66.7
  277.0   66.4
  276.1   66.2
  275.0   66.2
  274.6   66.5
  273.4   66.4
  274.2   66.2
  273.0   65.4
  272.0   65.2
  273.0   65.0
  272.0   64.1
  271.0   63.9
  270.0   63.9
  269.7   63.5
  268.8   63.5
  269.4   63.0
  268.7   62.7
  268.0   62.7
  267.0   62.0
  266.0   61.0
  265.3   60.0
  265.3   59.0
  266.0   58.6
  267.0   58.6
  267.4   57.7
  267.7   56.9
  268.6   57.0
  269.6   57.1
  270.7   56.8
  271.7   56.5
  272.6   55.9
  273.6   55.7
  274.6   55.3
  275.5   55.2
  276.5   55.2
  277.9   55.0
  277.7   54.0
  278.0   52.9
  278.9   51.9
  280.0   51.0
  281.0   51.6
  281.6   52.2
  281.0   53.0
  281.0   53.8
  280.3   54.5
  281.3   54.7
  282.5   55.3
  283.2   55.8
  283.5   56.6
  283.2   57.4
  282.3   58.0
  281.4   58.4
  282.0   59.1
  282.6   59.7
  282.4   60.3
  281.9   60.7
  282.4   61.4
  282.0   61.7
  282.0   62.3
  282.6   62.6
  283.6   62.4
  284.6   62.3
  285.3   62.1
  286.2   62.4
  287.0   62.1
  288.0   61.6
  289.0   61.0
  290.4   60.9
  290.3   60.0
  290.6   59.1
  291.4   58.7
  292.3   58.1
  293.3   58.4
  294.1   58.9
  294.7   59.8
  295.2   60.3
  296.0   59.6
  297.0   58.8
  298.0   57.7
  298.8   56.8
  298.3   56.1
  299.4   55.6
  300.3   55.1
  301.6   54.7
  302.8   54.4
  301.7   53.9
  302.6   54.0
  303.4   53.5
  304.2   53.2
  304.2   52.4
  304.3   51.8
  303.3   51.3
  302.3   51.3
       0 0 
  303.1   50.9
  304.4   51.4
  304.0   50.5
  303.4   49.6
  304.0   49.9
  304.6   49.8
  304.2   49.5
  305.0   49.4
  306.0   49.3
  306.6   49.2
  306.4   48.4
  307.1   48.5
  306.4   47.6
  307.2   48.0
  307.4   47.2
  307.2   46.5
  306.0   46.7
  306.1   47.6
  305.0   46.8
  304.2   46.7
  305.0   47.4
  303.9   47.5
  302.9   47.4
  302.0   47.4
  300.9   47.5
  300.9   47.9
  301.6   48.3
  301.0   48.4
  301.9   49.0
  302.6   50.1
  303.1   50.9
        0 0 
  295.7   49.8
  297.0   49.7
  298.0   49.4
  298.6   49.0
  297.6   48.9
  296.6   49.3
  295.7   49.8
      0 0 
  302.3   51.3
  301.3   50.7
  300.0   50.0
  299.0   50.0
  298.0   50.0
  297.0   50.0
  297.0   50.0
  296.0   50.1
  295.0   50.0
  294.0   50.0
  293.0   49.6
  292.6   49.3
  292.0   49.1
  291.0   48.5
  290.4   48.0
  290.0   47.4
  291.0   48.0
  292.0   48.5
  293.0   48.9
  294.0   49.1
  295.0   49.1
  295.9   48.7
  295.0   47.9
  294.0   47.9
  295.1   47.8
  295.0   46.9
  296.0   46.0
  297.0   45.6
  298.0   45.5
  298.7   45.5
  298.7   46.0
  299.9   46.9
  299.9   46.2
  300.3   45.8
  299.6   45.4
  298.9   45.2
  298.0   44.8
  297.0   44.5
  296.0   44.3
  295.0   43.6
  294.0   43.6
  294.0   44.3
  295.0   44.9
  295.6   45.6
  294.6   45.3
  293.7   45.0
  293.0   44.7
  292.3   44.4
  291.3   44.3
  290.7   43.7
  289.9   43.6
  289.3   42.8
  289.3   42.0
  290.0   41.6
  288.7   41.5
  288.0   41.3
  287.4   40.8
  286.1   40.6
  286.0   39.8
  285.4   39.0
  284.6   39.4
  285.0   38.4
  284.5   37.7
  284.2   37.0
  284.3   37.9
  283.7   38.3
  283.7   37.4
  284.2   37.0
  284.1   36.6
  284.3   35.8
  283.7   35.1
  283.0   34.6
  282.0   33.9
  281.0   33.4
  280.0   32.5
  279.3   32.0
  278.9   31.0
  279.0   30.0
  279.4   29.0
  279.7   28.4
  280.0   27.4
  280.1   26.6
  280.1   25.8
  279.7   25.0
  279.0   25.0
  279.0   25.5
  278.5   25.8
  278.0   26.6
  277.3   27.8
  277.6   28.5
  277.0   29.2
  276.4   29.9
  275.7   29.9
  274.9   29.5
  274.3   30.0
  273.6   30.3
  272.3   30.0
  271.4   30.2
  270.7   30.0
  270.3   29.7
  271.1   29.0
  270.9   28.9
  270.3   29.3
  269.9   29.0
  269.0   29.0
  268.3   29.7
  268.0   29.4
  267.0   29.6
  266.0   29.4
  265.0   29.0
  264.0   28.6
  263.0   28.2
  262.6   27.0
  262.8   26.0
  262.3   25.0
  262.2   24.0
  262.3   23.0
  262.3   22.0
  262.7   21.5
  262.6   21.0
  263.4   20.0
  264.1   19.0
  265.0   18.7
  266.0   18.2
  267.0   18.4
  268.0   18.7
  269.0   18.5
  268.9   19.0
  269.7   19.6
  269.9   20.9
  270.7   21.2
  271.8   21.5
  272.6   21.5
  273.4   21.4
  273.0   20.6
  272.6   19.7
  272.4   18.1
  272.0   18.6
  272.0   17.3
  271.7   16.5
  271.3   15.8
  272.2   15.7
  273.2   15.7
  274.2   15.7
  275.3   15.8
  276.3   15.4
  277.0   15.0
  277.0   14.0
  276.7   13.0
  276.6   12.0
  276.4   11.1
  277.0   10.0
  278.0    9.2
  279.0    8.8
  280.0    9.4
       0 0 
  275.4   21.9
  276.5   22.6
  277.6   23.0
  278.7   23.0
  279.6   22.9
  280.5   22.5
  281.4   22.2
  282.4   21.7
  283.5   21.2
  284.6   20.6
  285.9   20.0
  284.9   19.7
  283.9   19.8
  282.5   19.7
  283.0   20.5
  282.0   20.6
  281.6   21.2
  280.9   21.4
  280.1   21.5
  279.6   21.9
  278.9   21.9
  278.1   22.1
  278.6   22.4
  277.5   22.6
  276.8   22.0
  276.3   22.0
  276.0   21.6
  275.4   21.9
       0 0 
  286.6   19.6
  287.3   19.7
  288.1   19.6
  288.6   19.8
  289.5   19.6
  290.0   19.4
  291.0   19.2
  291.7   18.3
  291.4   18.0
  290.4   18.2
  288.4   18.1
  288.4   17.4
  288.1   18.0
  287.3   18.0
  286.3   18.0
  285.6   18.4
  286.4   18.4
  287.0   18.4
  287.6   18.6
  287.3   19.2
  286.6   19.6
      0 0 
  280.0    9.4
  281.0    9.6
  282.0    9.2
  282.3    9.0
  283.0    8.4
  283.7    9.0
  284.2    9.5
  284.4   10.0
  285.0   11.0
  286.0   11.2
  287.0   11.5
  288.0   11.9
  288.9   12.0
  288.4   11.0
  289.4   11.2
  290.0   12.1
  291.0   11.5
  291.8   11.0
  292.0   10.4
  293.0   10.5
  294.0   10.4
  295.0   10.1
  296.0   10.6
  297.0   10.6
  297.8   10.0
  298.9    9.4
  299.2    8.6
  300.0    8.4
  301.0    7.9
  301.6    7.0
  302.6    6.3
  303.2    5.9
  304.3    5.8
  305.3    5.9
  306.4    5.6
  307.4    5.1
  308.1    4.6
  308.6    4.2
  309.2    3.8
  309.3    3.0
  309.6    2.0
  310.2    1.6
  310.0     .8
  309.3     .0
  308.3    -.9
  309.1     .0
  310.0     .0
  311.0     .0
  311.8    -.5
  313.0    -.7
  314.0   -1.0
  315.0   -1.4
  315.6   -2.0
  316.0   -2.7
  317.0   -2.3
  318.0   -2.9
  319.0   -2.9
  320.0   -2.8
  320.9   -3.3
  321.9   -4.0
  322.7   -4.6
  323.5   -5.1
  324.4   -5.0
  325.0   -5.9
  325.2   -7.0
  325.1   -8.0
  324.9   -8.9
  324.2   -9.9
  323.5  -10.7
  323.0  -11.0
  323.0  -11.4
  322.4  -12.0
  321.9  -12.7
  321.2  -13.2
  321.0  -14.0
  321.0  -15.0
  321.1  -16.0
  320.9  -17.0
  320.9  -17.7
  320.4  -18.3
  320.5  -19.1
  320.0  -20.0
  319.4  -21.0
  319.1  -22.0
  318.2  -22.3
  318.0  -23.0
  317.0  -23.0
  316.0  -23.0
  315.0  -23.4
  314.0  -23.7
  313.0  -24.5
  312.2  -25.0
  311.6  -25.4
  311.4  -26.3
  311.5  -27.0
  311.4  -28.0
  311.2  -28.6
  310.3  -29.2
  310.0  -30.0
  309.4  -30.9
  308.7  -31.7
  308.1  -32.1
  307.5  -32.8
  307.0  -33.4
  306.6  -34.0
  305.8  -34.7
  305.1  -35.0
  304.0  -34.9
  303.1  -34.5
  302.3  -34.4
  301.8  -34.2
  302.2  -34.9
  303.0  -35.2
  302.9  -36.0
  303.4  -36.3
  303.4  -37.0
  302.9  -37.6
  302.7  -38.0
  302.0  -38.4
  301.0  -38.7
  300.0  -38.9
  299.0  -39.0
  298.0  -38.8
  298.0  -39.4
  297.9  -40.2
  298.0  -40.6
  297.4  -41.1
  296.3  -41.2
  295.3  -40.7
  295.0  -41.2
  295.1  -42.0
  295.8  -42.3
  296.3  -42.1
  296.3  -42.7
  295.7  -43.0
  294.9  -43.6
  295.0  -44.3
  294.6  -44.9
  293.6  -45.1
  292.8  -45.4
  292.4  -46.0
  293.0  -46.6
  293.5  -47.0
  294.3  -47.0
  294.3  -47.6
  294.1  -48.1
  293.3  -48.4
  292.6  -49.0
  292.3  -49.6
  292.0  -50.1
       0 0 
  299.7  -52.1
  299.1  -52.0
  299.7  -51.8
  299.5  -51.6
  299.4  -51.2
  300.2  -51.2
  301.2  -51.2
  302.0  -51.2
  302.3  -51.6
  302.0  -51.7
  301.2  -52.0
  300.4  -52.2
  300.4  -51.8
  299.7  -52.1
      0 0 
  292.0  -50.1
  291.0  -50.4
  290.9  -51.0
  291.0  -51.6
  291.7  -52.2
  291.8  -53.0
  292.0  -53.5
  293.0  -54.0
  294.0  -54.5
  295.0  -54.8
  293.7  -55.0
  292.8  -55.2
  291.7  -55.2
  290.7  -55.4
  290.0  -55.1
  288.8  -54.4
  287.9  -53.7
  286.9  -53.0
  286.5  -52.0
  286.2  -51.2
  285.8  -50.5
  285.5  -49.7
  285.6  -48.9
  285.7  -48.0
  285.8  -47.0
  285.7  -46.6
  284.5  -46.6
  285.1  -46.8
  286.2  -46.0
  286.9  -45.3
  287.1  -44.6
  287.0  -44.0
  287.1  -43.1
  287.6  -42.1
  286.6  -41.8
  286.6  -42.5
  286.3  -43.3
  285.8  -43.3
  286.0  -42.7
  286.0  -42.0
  286.2  -41.3
  286.4  -40.1
  286.8  -39.1
  286.5  -38.2
  286.3  -37.2
  287.0  -37.0
  287.3  -36.0
  287.9  -35.0
  288.1  -34.0
  288.4  -33.0
  288.5  -32.0
  288.4  -31.0
  288.3  -30.2
  288.6  -29.6
  288.4  -28.9
  288.7  -28.3
  289.0  -27.3
  289.2  -26.1
  289.4  -25.0
  289.4  -24.0
  289.3  -23.0
  289.8  -22.0
  289.8  -21.0
  289.7  -20.0
  289.6  -19.0
  289.4  -18.0
  288.6  -17.3
  287.6  -16.5
  286.7  -16.0
  285.7  -15.6
  284.9  -15.2
  284.0  -14.3
  283.6  -13.5
  283.2  -12.6
  282.6  -11.7
  282.2  -10.9
  281.7  -10.0
  281.3   -9.0
  280.9   -8.0
  280.3   -7.0
  279.9   -6.4
  278.8   -5.9
  278.8   -5.0
  278.7   -4.1
  279.5   -3.5
  280.1   -2.9
  279.1   -2.2
  279.1   -1.0
  279.8     .0
  280.5    1.0
  281.2    1.6
  281.7    2.7
  282.4    2.7
  283.0    3.7
  282.8    4.6
  282.7    5.6
  282.8    6.6
  282.2    7.3
  281.8    8.3
  281.3    8.9
  280.7    9.0
  280.0    8.4
      0 0 
  280.0    8.4
  280.3    7.5
  279.4    7.3
  279.0    7.8
  278.6    8.2
  277.8    8.4
  277.2    8.3
  276.4    8.8
  276.6    9.2
  276.0    9.7
  275.0   10.0
  274.4   10.1
  274.4   11.0
  273.9   11.6
  273.3   12.2
  272.6   12.7
  271.9   13.2
  271.0   13.4
  270.0   13.9
  269.0   14.0
  268.0   14.6
  267.3   15.2
  266.6   15.7
  265.9   16.1
  265.0   16.2
  263.9   15.8
  263.1   15.9
  262.0   16.1
  261.1   16.7
  260.3   16.8
  259.4   17.3
  258.6   17.6
  258.1   18.1
  257.1   18.3
  256.4   18.7
  255.6   19.3
  254.8   19.7
  254.4   20.5
  254.6   21.4
  254.3   22.0
  254.1   22.8
  253.5   23.4
  252.9   24.0
  252.1   24.7
  251.8   25.4
  250.9   25.6
  250.6   26.1
  250.7   26.5
  250.1   26.9
  249.5   27.4
  249.0   28.1
  248.4   28.6
  247.9   29.3
  247.3   30.0
  246.9   31.0
  246.8   31.4
  246.0   31.7
  245.1   32.0
  245.2   31.4
  245.4   30.7
  245.6   30.0
  246.3   29.4
  246.9   28.9
  247.2   28.3
  247.6   27.7
  248.0   27.1
  248.5   26.6
  248.7   26.0
  249.3   25.0
  249.4   24.5
  249.8   24.4
  250.5   23.6
  250.0   23.1
  249.7   23.6
  249.0   24.2
  248.3   24.7
  247.7   25.0
  247.9   25.6
  247.9   26.1
  247.2   26.6
  246.8   27.0
  246.2   27.0
  245.7   27.3
  245.1   28.0
  246.0   28.3
  246.0   28.7
  245.4   29.3
  244.9   29.6
  244.3   29.9
  244.1   30.5
  243.6   31.3
  243.1   32.1
  242.7   32.8
  242.3   33.4
  241.6   33.7
  240.8   34.2
  240.0   34.5
  239.4   34.4
  239.2   35.2
  238.3   36.0
  237.7   36.9
  237.2   38.0
  236.7   38.5
  236.2   39.0
  236.1   39.8
  235.6   40.6
  236.0   41.4
  235.6   42.2
  235.4   42.8
  235.8   43.8
  236.0   44.8
  236.0   45.8
  236.0   46.7
  235.6   47.5
  235.3   48.3
  234.7   49.0
  233.9   49.4
  233.0   49.9
  232.0   50.1
  231.8   50.7
  232.3   51.3
  232.0   51.9
  231.0   52.7
  230.3   53.4
  229.8   54.2
  229.0   54.9
        0 0 
  204.1   18.9
  204.2   20.0
  205.3   19.3
  204.5   18.7
  204.1   18.9
        0 0 
  228.3   54.0
  226.9   54.0
  227.5   53.1
  228.0   52.5
  228.8   52.0
  228.3   52.8
  228.0   53.5
  228.3   54.0
       0 0 
  229.0   54.9
  227.5   55.4
  226.6   56.2
  225.6   56.8
  224.5   57.6
  223.6   58.2
  222.1   58.6
  221.0   59.2
  219.7   59.7
  218.1   59.9
  216.8   60.0
  215.5   60.2
  214.4   60.4
  213.6   60.7
  213.0   61.0
  211.8   60.9
  211.8   60.4
  211.1   59.9
  210.0   59.6
  209.0   59.3
  208.0   59.3
  208.3   60.0
  209.1   60.9
  210.6   60.9
  209.3   61.3
  208.3   60.9
  207.6   60.3
  206.8   59.7
  205.9   59.0
  206.7   58.9
       0 0 
  207.3   58.4
  206.7   58.0
  206.2   57.8
  205.3   57.5
  205.7   56.7
  206.4   56.8
  207.0   57.3
  207.7   57.5
  207.3   57.9
  207.8   58.3
  207.3   58.4
       0 0 
  206.7   58.9
  205.9   58.2
  204.9   57.8
  203.9   57.4
  203.4   57.0
  202.5   56.6
  201.6   56.3
  201.3   55.9
  200.2   55.6
  199.3   55.4
  198.3   55.3
  197.3   54.9
  196.0   54.5
  195.0   54.4
  195.5   54.8
  196.7   55.1
  197.6   55.4
  198.2   55.8
  199.2   55.7
  199.8   56.3
  200.6   56.6
  201.3   56.7
  201.4   57.0
  202.1   57.5
  202.4   58.0
  203.0   58.9
  201.7   58.6
  201.5   58.9
  201.1   58.4
  199.7   59.0
  198.3   58.5
  198.0   59.3
  198.4   59.4
  197.7   60.2
  197.0   59.6
  195.9   59.8
        0 0 
  194.4   60.0
  194.1   60.3
  193.4   60.2
  192.6   60.2
  192.8   60.0
  193.8   59.7
  194.4   60.0
      0 0 
  195.9   59.8
  195.2   60.3
  194.6   60.6
  195.0   60.9
  194.2   61.4
  194.0   61.8
  194.6   62.4
  195.2   62.9
  196.0   63.3
  196.5   63.0
  197.7   63.5
  198.7   63.5
  199.2   63.8
  198.7   64.5
  199.2   64.5
  198.9   64.8
  198.0   64.7
  197.3   64.3
  195.2   64.5
  195.0   64.4
  194.1   64.5
  193.6   64.6
  193.1   65.1
  194.0   65.2
  192.9   65.4
  192.0   65.6
  192.9   65.9
  193.9   66.2
  194.4   66.1
  194.4   66.3
  195.2   66.5
  196.2   66.5
  196.1   66.2
  197.0   66.1
  198.0   66.0
  199.0   66.3
  198.2   66.4
  197.5   66.7
  196.5   67.1
  196.0   67.5
  195.0   67.8
  194.1   68.1
  193.4   68.3
  193.8   68.7
  195.0   68.8
  196.1   69.0
  197.0   69.5
  197.4   70.0
  198.0   70.3
  199.0   70.3
  199.9   70.6
  200.7   70.8
  201.8   70.8
  202.7   71.0
  203.5   71.3
  204.4   71.2
  204.1   70.8
  205.0   71.2
  205.4   71.0
  205.3   70.8
  206.0   70.8
  206.7   70.9
  207.7   70.8
  207.5   70.6
  208.1   70.5
  209.1   70.4
  210.0   70.4
  211.0   70.4
  212.0   70.3
  213.0   70.2
  214.0   70.3
  215.0   70.0
  216.0   70.0
  217.0   70.0
  218.0   69.8
  219.0   69.6
  220.0   69.6
  221.0   69.4
  222.0   69.1
  223.0   68.8
  224.0   68.8
  223.7   69.2
  224.7   69.3
  225.6   69.6
  226.6   69.4
  227.6   69.7
  228.8   69.9
  229.7   70.2
  230.4   70.3
  231.1   69.7
  231.8   70.1
  232.0   70.6
  233.1   70.1
  233.3   69.7
  234.2   69.4
  234.8   69.8
  235.3   70.1
  235.8   69.6
  235.6   69.4
  236.6   69.4
  237.0   69.5
  237.0   69.7
  238.1   69.8
  239.0   69.6
  240.0   69.4
  241.0   69.2
  242.0   68.9
  243.0   68.8
    0 0 
  183.4  -78.2
  182.3  -78.3
  184.5  -78.3
  186.8  -78.3
  189.1  -78.3
  191.5  -78.2
  193.5  -78.3
  195.6  -78.2
  197.8  -78.0
  199.9  -77.8
  201.0  -77.6
  201.8  -77.2
  203.8  -77.0
  205.1  -76.9
  207.0  -76.9
  208.8  -76.8
  210.0  -76.5
  211.1  -76.2
  212.9  -76.2
  214.8  -76.1
  214.0  -75.9
  216.0  -75.6
  217.2  -75.4
  218.9  -75.4
  220.0  -75.3
  221.5  -75.0
  223.0  -74.9
  224.1  -74.5
  225.2  -74.3
  227.0  -74.3
  229.0  -74.2
  230.8  -74.1
  232.5  -74.0
  234.3  -74.0
  235.5  -73.8
  236.6  -73.6
  236.7  -73.1
  238.5  -73.4
  240.0  -73.5
  241.0  -73.6
  242.1  -73.7
  244.0  -73.7
  245.6  -73.7
  247.0  -73.8
  248.0  -73.6
  248.8  -73.8
  249.9  -73.9
  251.0  -73.9
  252.0  -74.0
  252.0  -74.4
  253.2  -74.5
  253.2  -73.8
  254.5  -73.8
  255.0  -74.6
  256.6  -74.4
  258.0  -74.4
  258.8  -75.0
  259.5  -75.0
  259.0  -74.3
  259.4  -74.0
  258.8  -73.8
  258.5  -73.5
  260.0  -73.5
  261.0  -73.4
  259.9  -73.2
  258.3  -73.2
  257.9  -72.8
  258.3  -72.4
  257.8  -72.1
  259.0  -72.0
  259.2  -71.8
  260.3  -71.7
  261.7  -71.8
  262.9  -71.8
  263.9  -72.0
  264.4  -72.1
  264.7  -72.6
  265.9  -72.9
  267.0  -72.7
  267.9  -72.6
  269.2  -72.5
  270.8  -72.4
  271.7  -72.7
  270.9  -73.1
  272.7  -73.2
  274.3  -73.2
  275.7  -73.3
  277.0  -73.3
  278.0  -73.7
  279.0  -73.6
  279.6  -73.1
  281.1  -73.3
  282.0  -73.1
  281.3  -72.8
  282.3  -72.6
  283.9  -72.8
  285.0  -72.9
  286.3  -73.0
  287.5  -73.1
  287.5  -72.6
  286.6  -72.3
  285.0  -72.0
  284.1  -71.7
  283.4  -71.1
  285.0  -71.4
  285.1  -71.0
  286.5  -71.0
  286.0  -70.6
  284.8  -70.7
  285.5  -70.4
  285.4  -70.0
  284.0  -69.8
  284.0  -69.4
  285.0  -69.4
  286.0  -69.4
  287.0  -69.4
  286.7  -69.1
  287.9  -68.8
  289.0  -68.6
  290.0  -68.9
  290.5  -69.4
  291.5  -69.3
  292.2  -69.0
  292.8  -68.3
  292.3  -67.7
  291.0  -67.6
  291.0  -67.0
  292.0  -66.7
  292.6  -67.0
  293.3  -66.8
  294.2  -66.6
  294.2  -66.2
  294.9  -66.0
  295.8  -65.4
  295.8  -64.9
  296.9  -64.9
  297.8  -64.6
  298.3  -64.3
  299.0  -64.0
  299.9  -63.7
  300.7  -63.6
  301.5  -63.3
  302.4  -63.0
  303.5  -63.0
  303.0  -63.5
  301.7  -63.6
  301.0  -63.9
  300.8  -64.4
  301.0  -64.8
  300.7  -65.4
  300.3  -65.8
  300.0  -66.3
  299.4  -66.8
  299.2  -67.4
  299.3  -67.9
  299.3  -68.4
  299.4  -68.9
  299.3  -69.4
  299.2  -69.9
  299.2  -70.3
  299.1  -70.6
  299.8  -71.2
  299.8  -71.6
  300.0  -72.1
  300.0  -72.5
  300.0  -73.0
  300.2  -73.4
  300.0  -73.7
  299.4  -74.1
  298.7  -74.6
  298.1  -74.7
  299.1  -75.1
  300.3  -75.4
  301.4  -75.7
  303.0  -76.1
  304.8  -76.4
  306.0  -76.6
  307.9  -76.9
  309.2  -77.1
  310.5  -77.3
  312.3  -77.7
  314.0  -77.9
  315.0  -78.0
  316.5  -77.9
  317.6  -77.6
  319.6  -77.7
  320.1  -78.0
  323.0  -78.0
  324.1  -77.7
  325.0  -77.4
  326.4  -77.2
  327.5  -77.1
  328.8  -76.9
  330.0  -76.6
  330.7  -76.4
  331.8  -76.2
  333.0  -76.0
  333.5  -75.7
  333.7  -75.4
  335.1  -75.1
  336.0  -74.8
  336.0  -74.4
  337.0  -74.2
  338.1  -74.0
  339.4  -73.7
  340.0  -73.4
  340.3  -73.0
  341.0  -72.7
  342.0  -72.7
  343.5  -72.6
  344.3  -72.3
  345.0  -72.0
  346.3  -72.0
  347.6  -71.8
  348.0  -71.4
  349.3  -71.0
  350.0  -70.8
  350.7  -70.4
  351.9  -70.4
  353.3  -70.4
  354.7  -70.3
  356.0  -70.3
  357.2  -70.2
  358.4  -70.0
  359.5  -69.0
  360.0  -69.4
  0 0
     .0  -69.4 
     .2  -69.6
    1.2  -69.9
    3.0  -69.9
    4.5  -70.0
    5.5  -70.0
    6.6  -69.8
    8.0  -69.8
    9.1  -69.9
   10.2  -70.0
   11.3  -69.8
   12.4  -69.8
   13.3  -69.5
   14.1  -69.4
   15.0  -69.1
   16.0  -69.6
   17.0  -69.7
   18.3  -69.8
   19.4  -69.8
   20.4  -69.9
   21.9  -70.1
   22.9  -70.2
   24.0  -70.2
   25.3  -70.1
   26.3  -70.0
   27.7  -69.8
   28.9  -69.6
   30.2  -69.3
   31.2  -69.5
   32.5  -69.6
   33.0  -69.1
   34.0  -68.6
   34.8  -68.9
   35.9  -69.1
   36.9  -69.5
   37.8  -69.5
   38.0  -69.9
   39.0  -69.7
   39.8  -69.5
   39.8  -68.9
   41.1  -68.2
   42.0  -68.0
   43.1  -67.9
   44.2  -67.7
   45.4  -67.6
   46.3  -67.3
   47.0  -67.6
   48.0  -67.5
   49.0  -67.3
   48.0  -67.1
   49.5  -67.0
   50.3  -67.1
   50.3  -66.3
   51.2  -66.0
   52.0  -65.8
   53.0  -65.7
   54.0  -65.8
   55.0  -66.0
   56.0  -66.2
   56.8  -66.5
   56.6  -67.0
   57.9  -67.0
   59.0  -67.3
   59.5  -67.6
   60.7  -67.5
   62.0  -67.5
   63.1  -67.6
   64.7  -67.6
   66.0  -67.7
   67.2  -67.9
   68.9  -67.9
   69.6  -67.9
   70.3  -68.8
   71.8  -68.4
   72.6  -68.2
   73.8  -68.9
   75.2  -69.2
   76.5  -69.1
   77.0  -69.3
   77.9  -68.9
   78.7  -68.5
   79.4  -68.1
   80.6  -67.9
   81.4  -67.5
   82.0  -67.1
   81.4  -66.3
   81.7  -65.9
   82.5  -66.1
   83.3  -66.4
   84.2  -66.4
   85.1  -66.6
   85.9  -66.3
   86.9  -66.1
   87.7  -66.0
   88.9  -66.5
   89.0  -66.8
   90.0  -66.9
   91.1  -66.6
   92.4  -66.5
   93.4  -66.5
   94.5  -66.6
   95.0  -66.1
   95.6  -65.3
   96.5  -65.0
   97.3  -65.1
   98.0  -65.4
   99.0  -65.8
  100.0  -65.6
  100.9  -65.3
  101.8  -65.6
  102.8  -65.4
  103.8  -65.3
  104.6  -65.5
  105.0  -65.9
  106.0  -66.1
  107.0  -66.2
  108.0  -66.4
  109.0  -66.9
  110.4  -66.4
  111.0  -66.0
  111.8  -65.7
  112.5  -65.6
  113.8  -65.8
  114.5  -66.0
  115.5  -66.4
  116.7  -66.8
  117.4  -67.0
  118.3  -67.0
  119.3  -67.0
  121.0  -66.7
  121.0  -65.9
  122.0  -66.1
  122.8  -66.3
  123.3  -66.0
  124.3  -66.0
  125.3  -66.0
  126.2  -66.1
  127.0  -66.6
  127.8  -67.0
  129.1  -67.1
  130.0  -66.9
  130.6  -65.6
  131.4  -65.9
  132.0  -66.0
  133.5  -66.0
  134.4  -66.0
  135.6  -66.0
  136.5  -66.1
  137.9  -66.3
  139.0  -66.5
  140.0  -66.7
  141.0  -66.8
  142.0  -66.9
  142.9  -67.1
  143.6  -67.0
  144.6  -67.0
  145.6  -67.6
  147.2  -67.9
  148.3  -68.0
  148.3  -68.3
  149.5  -68.3
  150.3  -68.4
  151.2  -68.3
  152.4  -68.2
  153.6  -68.2
  154.8  -68.2
  156.0  -69.0
  157.2  -69.2
  158.6  -69.3
  159.8  -69.6
  160.8  -70.0
  161.2  -70.4
  163.0  -70.5
  164.0  -70.9
  165.0  -70.7
  166.9  -70.6
  167.8  -71.0
  169.0  -71.2
  170.3  -71.7
  170.6  -72.3
  169.9  -72.9
  168.8  -73.4
  168.0  -74.0
  167.0  -74.3
  167.0  -74.8
  165.6  -74.7
  164.6  -75.0
  163.7  -75.6
  163.7  -76.6
  164.0  -77.5
  164.7  -78.3
  167.3  -78.0
  167.3  -77.6
  168.2  -77.3
  170.0  -77.4
  172.0  -77.3
  173.3  -77.5
  175.5  -77.8
  178.0  -77.9
  178.0  -78.2
       0 0 
  120.7   18.6
  121.4   18.5
  122.2   18.5
  122.5   17.2
  122.1   16.2
  121.4   15.4
  121.8   14.1
  122.3   14.0
  122.8   14.3
  124.0   13.9
  124.0   12.9
  123.1   13.4
  122.6   13.9
  122.7   13.1
  121.7   13.9
  121.3   13.5
  121.6   12.6
  121.1   12.3
  120.4   13.5
  121.0   13.6
  120.4   14.6
  119.8   15.3
  119.8   16.2
  120.3   16.0
  120.4   17.0
  120.4   18.0
  120.7   18.6
       0 0 
  124.4   12.5
  125.1   12.7
  125.7   11.3
  125.3   10.4
  124.7   10.0
  124.0    9.6
  123.0    9.2
  122.4    9.8
  122.7   10.6
  122.0   10.5
  122.0   11.9
  123.2   11.5
  123.3   11.0
  124.0   11.2
  124.5   11.9
  124.4   12.5
       0 0 
  125.5    9.8
  126.4    8.9
  126.7    7.9
  126.6    7.0
  126.3    6.4
  126.0    7.1
  125.4    6.8
  126.0    6.2
  125.5    5.6
  124.7    6.0
  124.1    6.4
  124.1    7.0
  124.4    7.3
  123.6    7.9
  123.5    7.5
  123.0    7.4
  122.7    7.8
  122.0    6.9
  122.1    8.0
  123.0    8.2
  123.0    8.6
  123.9    8.6
  124.2    8.2
  124.7    8.6
  124.9    9.0
  125.7    9.1
  125.5    9.8
       0 0 
  130.7   -1.3
  131.0    -.8
  132.1    -.4
  133.0    -.4
  134.0    -.8
  134.0   -2.0
  134.9   -3.0
  135.4   -3.3
  136.3   -2.6
  137.1   -2.0
  137.8   -1.4
  138.7   -1.8
  139.8   -2.2
  140.6   -2.3
  141.4   -2.6
  142.5   -3.0
  143.4   -3.4
  144.5   -3.8
  145.3   -4.3
  146.0   -4.8
  145.8   -5.4
  146.6   -5.7
  147.6   -6.0
  148.0   -6.4
  147.2   -6.9
  147.7   -7.6
  148.4   -8.5
  149.0   -9.0
  149.6   -9.5
  150.1  -10.0
  150.6  -10.2
  150.2  -10.6
  149.8  -10.2
  149.0  -10.2
  148.0  -10.0
  147.0   -9.4
  146.1   -8.1
  145.1   -7.7
  144.1   -7.6
  143.1   -8.3
  143.4   -9.0
  142.6   -9.4
  142.2   -9.1
  141.4   -9.1
  141.0   -9.0
  140.0   -8.1
  139.2   -8.0
  138.8   -8.3
  137.7   -8.4
  138.3   -7.4
  138.9   -7.2
  138.5   -6.2
  138.2   -5.5
  137.3   -4.9
  136.4   -4.7
  135.6   -4.6
  134.7   -4.1
  133.6   -3.4
  133.2   -4.0
  132.7   -4.0
  132.7   -3.4
  131.8   -2.8
  133.0   -2.4
  133.7   -2.4
  133.7   -2.0
  133.0   -2.0
  132.1   -2.1
  131.6   -1.6
  130.7   -1.3
       0 0 
  148.3   -5.5
  149.4   -5.5
  150.4   -5.4
  151.1   -5.0
  151.5   -4.1
  152.3   -4.4
  151.9   -5.6
  151.0   -6.1
  149.9   -6.3
  149.0   -6.1
  148.3   -5.5
        0 0 
  150.8   -2.8
  152.2   -3.3
  153.2   -4.1
  152.9   -4.9
  152.4   -3.9
  152.0   -3.5
  150.8   -2.8
        0 0 
  154.8   -5.5
  155.4   -6.0
  155.8   -6.8
  155.0   -6.3
  154.8   -5.5
        0 0 
  160.0  -10.0
  159.6   -9.4
  160.2   -9.4
  160.8  -10.0
  160.0  -10.0
        0 0 
  164.1  -20.3
  165.0  -20.7
  166.0  -21.6
  166.9  -22.3
  165.8  -22.0
  165.0  -21.4
  164.1  -20.3
      0 0 
  136.9  -12.3
  136.0  -13.1
  135.7  -14.3
  135.5  -14.9
  136.3  -15.4
  137.4  -16.0
  138.3  -16.6
  139.1  -17.0
  139.7  -17.4
  140.4  -17.6
  141.0  -17.0
  141.4  -16.0
  141.8  -15.0
  141.6  -14.0
  141.7  -13.0
  141.9  -12.0
  142.0  -11.0
  142.6  -10.7
  143.0  -11.7
  143.3  -12.6
  143.6  -13.3
  143.9  -14.3
  144.6  -14.1
  145.2  -15.0
  145.5  -16.0
  146.0  -17.0
  146.1  -18.0
  146.4  -19.0
  147.2  -19.4
  148.0  -20.0
  148.8  -20.4
  149.2  -21.1
  149.4  -22.0
  149.9  -22.3
  150.6  -22.4
  150.9  -23.3
  151.5  -24.0
  152.2  -24.7
  152.9  -25.6
  153.1  -26.4
  153.1  -27.1
  153.5  -28.1
  153.5  -29.0
  153.2  -30.0
  153.0  -31.0
  152.5  -32.0
  152.1  -32.8
  151.4  -33.3
  151.0  -34.1
  150.7  -35.0
  150.1  -36.0
  150.0  -36.9
  150.0  -37.6
  149.0  -37.9
  148.0  -37.9
  147.0  -38.6
  146.4  -38.9
  145.4  -38.4
  144.9  -38.0
  144.1  -38.4
  143.5  -38.8
  142.7  -38.4
  141.4  -38.3
  140.5  -38.0
  140.0  -37.5
  139.7  -37.0
  140.0  -36.7
  139.6  -36.0
  139.3  -35.4
  138.2  -35.6
  138.6  -34.8
  138.0  -34.1
  137.8  -35.1
  136.9  -35.3
  136.9  -34.9
  137.4  -34.8
  137.5  -34.0
  138.0  -33.4
  137.9  -32.6
  137.2  -33.4
  136.3  -34.0
  136.0  -35.0
  135.0  -34.7
  135.0  -33.7
  134.1  -33.0
  133.7  -32.3
  132.9  -32.0
  132.0  -32.0
  131.2  -31.5
  130.0  -31.5
  129.0  -31.5
  128.0  -32.0
  127.0  -32.2
  126.0  -32.1
  125.0  -32.6
  124.0  -33.0
  123.7  -33.7
  123.1  -33.8
  122.1  -33.8
  121.0  -33.7
  119.9  -33.9
  119.3  -34.4
  118.9  -34.3
  118.0  -35.0
  117.0  -35.0
  116.0  -34.8
  115.0  -34.1
  115.0  -33.5
  115.7  -33.1
  115.8  -32.1
  115.6  -31.4
  115.0  -30.3
  115.0  -29.1
  114.1  -28.0
  113.9  -27.0
  113.1  -26.0
  113.3  -25.5
  114.0  -26.1
  113.6  -25.0
  113.3  -24.0
  113.7  -23.4
  113.5  -22.5
  114.0  -21.9
  114.0  -22.3
  115.0  -21.6
  115.9  -21.0
  116.6  -20.6
  117.4  -20.7
  118.1  -20.2
  119.0  -19.9
  120.0  -19.9
  120.8  -19.7
  121.4  -19.0
  122.0  -18.0
  122.0  -17.1
  122.6  -16.3
  123.3  -17.1
  123.6  -16.9
  123.4  -16.0
  124.1  -16.1
  124.6  -15.3
  125.1  -14.5
  125.9  -14.4
  126.0  -13.9
  126.9  -13.8
  127.5  -14.1
  128.0  -14.8
  129.0  -14.8
  129.5  -13.8
  130.0  -13.3
  130.0  -12.7
  130.6  -12.4
  131.5  -12.2
  132.4  -12.1
  132.4  -11.6
  132.0  -11.2
  132.8  -11.4
  133.3  -11.9
  134.3  -12.0
  135.0  -12.1
  135.7  -12.0
  136.1  -12.5
  136.4  -12.0
  136.9  -12.3
       0 0 
  144.8  -40.8
  145.7  -41.0
  146.5  -41.2
  147.3  -41.0
  148.1  -40.9
  148.3  -41.9
  148.0  -42.8
  147.0  -43.6
  146.0  -43.6
  145.5  -42.9
  145.1  -42.1
  144.9  -41.5
  144.8  -40.8
        0 0 
  177.0  -17.9
  177.9  -17.2
  178.8  -17.9
  178.0  -18.1
  177.0  -17.9
       0 0 
  172.7  -34.5
  173.9  -35.1
  174.5  -35.9
  174.9  -36.9
  175.3  -37.1
  175.3  -36.5
  175.7  -36.7
  175.9  -37.6
  176.7  -37.9
  177.3  -38.0
  178.0  -37.4
  178.4  -37.5
  178.3  -38.6
  178.0  -39.0
  177.0  -39.2
  177.0  -39.7
  176.4  -40.6
  175.9  -41.1
  175.2  -41.6
  174.5  -41.3
  175.1  -40.7
  175.0  -40.1
  174.3  -39.8
  173.6  -39.3
  174.4  -39.0
  174.8  -38.0
  174.8  -37.4
  174.2  -36.7
  173.7  -36.0
  173.1  -35.4
  172.7  -34.5
       0 0 
  172.5  -40.7
  173.0  -41.2
  173.9  -41.0
  174.1  -41.8
  173.6  -42.5
  172.7  -43.2
  173.0  -43.9
  172.3  -43.8
  171.2  -44.1
  171.0  -45.0
  170.6  -45.9
  169.4  -46.5
  168.3  -46.4
  167.3  -46.1
  166.4  -45.8
  167.0  -45.0
  168.0  -44.0
  169.0  -43.8
  170.0  -43.1
  171.0  -42.6
  171.2  -41.9
  171.7  -41.7
  172.0  -41.0
  172.5  -40.7
       0 0 
  128.0     .0
  127.7    1.0
  128.2    2.0
  128.3    1.0
  129.0    1.3
  128.7     .6
  129.0     .2
  128.3     .3
  128.3     .0
  128.3    -.9
  128.0     .0
        0 0 
  128.0   -3.2
  129.1   -2.9
  130.4   -3.0
  130.8   -3.8
  130.0   -3.5
  129.0   -3.5
  128.0   -3.2
        0 0 
  126.6   -3.8
  126.0   -3.1
  127.0   -3.0
  127.2   -3.6
  126.6   -3.8
        0 0 
  134.1   -6.9
  134.0   -6.0
  134.5   -5.5
  134.7   -6.2
  134.1   -6.9
        0 0 
  123.7  -10.3
  124.0   -9.3
  125.2   -8.7
  126.2   -8.5
  127.1   -8.4
  126.1   -9.0
  125.4   -9.4
  124.6  -10.1
  123.7  -10.3
        0 0 
  119.0   -9.7
  120.0   -9.4
  121.0  -10.1
  120.5  -10.3
  120.0  -10.0
  119.0   -9.7
        0 0 
  120.0   -8.7
  120.6   -8.3
  121.6   -8.5
  122.4   -8.5
  123.0   -8.0
  122.8   -8.7
  121.7   -9.0
  120.9   -9.0
  120.0   -8.7
        0 0 
  115.9   -9.0
  116.1   -8.1
  117.0   -8.4
  117.9   -8.0
  119.1   -8.6
  118.0   -9.0
  117.0   -9.0
  115.9   -9.0
       0 0 
  115.6   -8.3
  114.3   -8.6
  113.1   -8.3
  112.4   -8.4
  111.5   -8.2
  110.6   -8.0
  109.6   -7.7
  108.7   -7.5
  108.1   -7.8
  107.5   -7.5
  106.3   -7.4
  106.3   -7.0
  105.4   -6.7
  106.0   -6.0
  107.0   -6.0
  108.0   -6.2
  108.5   -6.8
  109.5   -6.9
  110.2   -6.9
  110.7   -6.2
  111.7   -6.6
  112.4   -7.0
  113.0   -7.7
  114.2   -7.7
  115.6   -8.3
       0 0 
  120.1     .0
  120.3    -.8
  120.8   -1.3
  121.2   -1.3
  121.7    -.8
  122.4    -.8
  123.4    -.6
  123.3   -1.0
  123.0   -1.0
  122.3   -1.5
  121.8   -1.9
  121.4   -1.8
  122.0   -2.4
  122.5   -3.1
  122.2   -3.7
  123.0   -4.1
  123.3   -4.6
  123.1   -5.3
  122.7   -5.6
  122.3   -5.2
  122.3   -4.6
  122.0   -4.9
  121.6   -4.7
  121.6   -4.0
  121.0   -3.5
  121.1   -2.6
  120.4   -3.0
  120.4   -4.0
  120.5   -4.7
  120.5   -5.5
  119.5   -5.5
  119.8   -4.6
  119.6   -3.5
  119.0   -3.6
  118.9   -2.8
  119.4   -2.0
  119.5   -1.1
  119.9    -.7
  120.0     .0
  120.3    1.0
  121.0    1.3
  122.0    1.0
  123.0    1.0
  124.0     .9
  125.1    1.6
  124.7     .5
  123.7     .3
  122.8     .4
  121.7     .4
  120.3     .3
  120.1     .0
        0 0 
  117.3    8.5
  118.1    9.4
  119.0   10.3
  119.6   11.2
  119.4   10.2
  118.5    9.2
  117.3    8.5
       0 0 
  109.1     .0
  109.0    1.0
  109.5    2.0
  110.5    1.8
  111.1    1.6
  111.3    2.3
  111.8    3.0
  112.9    3.1
  113.6    4.0
  114.0    4.6
  115.0    5.0
  115.4    5.0
  116.0    6.0
  116.9    7.0
  117.6    6.5
  118.2    6.0
  119.2    5.3
  118.3    5.0
  118.6    4.4
  117.8    4.2
  117.5    3.5
  118.0    2.3
  117.9    2.0
  118.4    1.4
  119.0     .9
  118.2     .8
  117.8     .7
  117.6     .0
  117.0   -1.0
  116.3   -1.6
  116.7   -2.1
  116.0   -3.1
  115.4   -3.8
  114.8   -4.1
  114.5   -3.4
  113.6   -3.3
  113.0   -3.0
  111.7   -3.4
  111.6   -2.7
  110.7   -3.0
  110.0   -2.9
  109.9   -1.6
  110.0   -1.2
  109.4    -.4
  109.1     .0
       0 0 
  103.5     .0
  103.2    -.6
  104.2   -1.0
  104.7   -1.9
  105.4   -1.5
  106.1   -1.6
  106.5   -3.0
  106.0   -3.1
  105.9   -4.0
  105.8   -5.0
  105.7   -5.8
  104.6   -5.8
  103.4   -4.9
  102.4   -4.0
  101.5   -3.0
  100.9   -2.0
  100.4   -1.0
   99.7     .0
   99.0    1.0
   98.9    1.8
   97.7    2.3
   97.4    3.1
   96.7    3.9
   95.8    4.4
   95.1    5.6
   95.8    5.6
   96.4    5.3
   97.1    5.4
   98.0    5.0
   98.8    4.0
   99.5    3.5
  100.2    2.9
  100.9    2.1
  101.9    1.6
  102.6    1.1
  103.1    1.0
  103.6     .5
  103.5     .0
